<?xml version="1.0" ?>			
			
	<uw:UncertainInput xmlns:ows="http://www.opengis.net/ows/1.1" xmlns:wps="http://www.opengis.net/wps/1.0.0" xmlns:uw="http://www.uncertweb.org" xmlns:xlink="http://www.w3.org/1999/xlink" xmlns:xsi="http://www.w3.org/2001/XMLSchema-instance" xsi:schemaLocation="http://www.uncertweb.org http://giv-uw.uni-muenster.de:8080/uts/schemas/UncertainInputType.xsd">
		<ows:Identifier>input1</ows:Identifier>
		<wps:Data>
			<OM_UncertaintyObservationCollection xmlns="http://www.opengis.net/om/2.0" xmlns:om="http://www.opengis.net/om/2.0" xmlns:gml="http://www.opengis.net/gml/3.2" xmlns:sa="http://www.opengis.net/sampling/2.0" xmlns:sams="http://www.opengis.net/samplingSpatial/2.0" xmlns:xlink="http://www.w3.org/1999/xlink" xmlns:gmd="http://www.isotc211.org/2005/gmd" xmlns:xsi="http://www.w3.org/2001/XMLSchema-instance" xsi:schemaLocation="http://www.opengis.net/om/2.0 http://v-mars.uni-muenster.de/uncertweb/schema/Profiles/OM/UncertWeb_OM.xsd">


					<om:OM_UncertaintyObservation gml:id="o_0" xmlns:om="http://www.opengis.net/om/2.0"     >
					  <om:phenomenonTime>
						<gml:TimeInstant gml:id="t0">
						  <gml:timePosition>2010-03-01T00:00:00.000+01:00</gml:timePosition>
						</gml:TimeInstant>
					  </om:phenomenonTime>
					  <om:resultTime xlink:href="#t0"/>
					  <om:procedure xlink:href="http://www.uncertweb.org/sensors/ID"/>
					  <om:observedProperty xlink:href="http://www.uncertweb.org/phenomenon/pm10emissions"/>
					  <om:featureOfInterest>
						<sams:SF_SpatialSamplingFeature gml:id="sf0">
						  <gml:identifier codeSpace="http://www.uncertweb.org">large.0</gml:identifier>
						  <sa:type xlink:href="http://www.opengis.net/def/samplingFeatureType/OGC-OM/2.0/SF_SamplingCurve"/>
						  <sa:sampledFeature xsi:nil="true"/>
						  <sams:shape>
							<gml:MultiLineString gml:id="g0">
							  <gml:lineStringMember>
								<gml:LineString gml:id="g1">
								  <gml:pos>3410845.1 5761613.7</gml:pos>
								  <gml:pos>3410962.2 5761624.2</gml:pos>
								</gml:LineString>
							  </gml:lineStringMember>
							</gml:MultiLineString>
						  </sams:shape>
						</sams:SF_SpatialSamplingFeature>
					  </om:featureOfInterest>
					  <om:result >
						<un:MultivariateNormalDistribution xmlns:un="http://www.uncertml.org/2.0">
						  <un:mean>0.0046 0.0029 0.0023 0.0028 0.0052 0.0159 0.04 0.0743 0.0673 0.057 0.0568 0.0585 0.0634 0.0658 0.0682 0.0732 0.0788 0.0737 0.062 0.046 0.0325 0.0219 0.0164 0.0105</un:mean>
						  <un:covarianceMatrix dimension="24">
							<un:values>1.86291795587879E-5 8.50472103458029E-6 5.25467948292586E-6 8.33843011653839E-6 3.81405801765595E-6 2.03902039509406E-6 -5.16129346165241E-6 -1.61957424212862E-5 -4.13830314766566E-7 1.44294679050972E-6 -3.62996081929071E-6 -9.96619616288304E-6 -4.58310730308274E-6 -6.44872346282186E-6 -1.55117786287226E-5 -1.35307329130747E-5 -2.44733267062521E-5 -1.50573727756846E-5 -9.29274285665749E-6 7.49199095153293E-6 1.9565160723434E-5 1.99853115655703E-5 1.58333975286609E-5 1.33659116608848E-5 8.50472103458029E-6 7.54729550894437E-6 4.13682200340539E-6 6.47679523140554E-6 4.08111625048254E-6 1.00389407487922E-6 -5.63855849666854E-6 -9.63493045807397E-6 -2.88296723015919E-6 -2.37480550786186E-6 -2.7542029102036E-6 -4.65378056929924E-6 -2.34661837181356E-6 -3.39921299028311E-6 -5.97950660797327E-6 -7.0879967184597E-6 -1.3936437685169E-5 -8.11127990807285E-6 -2.36915127007895E-6 3.5489216383895E-6 8.73677250630627E-6 1.07092316639411E-5 8.60315404092004E-6 7.82072477086256E-6 5.25467948292586E-6 4.13682200340539E-6 6.21249629343182E-6 6.26088527448799E-6 5.96927939542768E-6 6.30296518347661E-6 -2.9969042207063E-7 -1.32364101304705E-6 -2.01008179024503E-6 -1.08248746177781E-6 -6.83004408010766E-6 -2.00786970743523E-6 -1.03704719131627E-6 -2.26505232957614E-6 -6.69147621834123E-6 -7.93753103700811E-6 -6.97499215305601E-6 -7.05439765335899E-6 -2.66343267571406E-6 -2.06823448846956E-6 5.28394019927184E-6 4.40415849119344E-6 4.07344254474364E-6 2.34730935315945E-6 8.33843011653839E-6 6.47679523140554E-6 6.26088527448799E-6 1.26737522896763E-5 1.15192337727204E-5 1.25818509058949E-5 3.79001175896155E-6 -5.55137046197286E-6 -1.80865705080042E-6 2.17125882162265E-6 -4.48988071558312E-6 -1.60574153612548E-6 -2.0350841709807E-6 -6.89393074680515E-6 -8.37938351835614E-6 -7.40608547604241E-6 -1.13179033155872E-5 -1.02998445381922E-5 -7.35150301069866E-6 -6.44018533562511E-6 -1.1315110048658E-6 6.31992054748387E-6 3.44072676055811E-6 1.13821540228548E-6 3.81405801765595E-6 4.08111625048254E-6 5.96927939542768E-6 1.15192337727204E-5 2.69694377438433E-5 3.45214743770167E-5 2.71157287469449E-5 2.71111088340932E-6 -3.90330412674362E-6 1.47051176823561E-5 3.9185978868938E-6 1.39648365734081E-5 7.16726577556108E-6 -1.41904445425077E-6 -3.54151921727518E-6 -8.85802820858039E-7 -9.03488036523829E-6 -2.93208727692045E-5 -3.0620912058543E-5 -3.16548806811142E-5 -1.92937518977907E-5 -8.10646115231733E-6 -1.1061278182754E-5 -7.61454937963035E-6 2.03902039509406E-6 1.00389407487922E-6 6.30296518347661E-6 1.25818509058949E-5 3.45214743770167E-5 7.8035665488209E-5 7.46035101944696E-5 2.3336159014702E-5 7.66635839312292E-7 2.26211909119647E-5 -6.23091016797742E-6 1.7471321973099E-5 -9.67095631088416E-8 -1.10242570418477E-5 9.38837047070085E-6 -1.25333983850861E-5 -8.75064731850042E-6 -3.46992027370531E-5 -5.75533635478348E-5 -5.5922475110924E-5 -3.02025691939267E-5 -1.55534701825318E-5 -2.9080532441402E-5 -2.10245231386262E-5 -5.16129346165241E-6 -5.63855849666854E-6 -2.9969042207063E-7 3.79001175896155E-6 2.71157287469449E-5 7.46035101944696E-5 1.59054448330829E-4 1.06734942373043E-4 8.00665962610874E-5 4.85867412293655E-5 -5.15323060106565E-6 -4.16708695258765E-7 -3.28118499739249E-5 -4.42140809922296E-5 -9.08209826553338E-6 -1.14477705187026E-5 -5.77835914448739E-6 -4.79200182730379E-5 -7.6041574210237E-5 -7.6071920284148E-5 -6.389755629933E-5 -3.44852131478332E-5 -4.22460293677893E-5 -3.92860267407315E-5 -1.61957424212862E-5 -9.63493045807397E-6 -1.32364101304705E-6 -5.55137046197286E-6 2.71111088340932E-6 2.3336159014702E-5 1.06734942373043E-4 4.15919012375904E-4 2.0344497484063E-4 2.83743522733636E-5 -6.68548633047365E-5 -6.67082269075142E-5 -9.40898759028685E-5 -7.53902302507167E-5 -3.04347434831739E-5 -2.73484257167613E-5 4.23355832459038E-5 3.89118551086051E-7 -6.25941497670901E-5 -1.20600030903684E-4 -8.18881602459135E-5 -5.73454523170783E-5 -4.61154840484245E-5 -6.11699263556996E-5 -4.13830314766566E-7 -2.88296723015919E-6 -2.01008179024503E-6 -1.80865705080042E-6 -3.90330412674362E-6 7.66635839312292E-7 8.00665962610874E-5 2.0344497484063E-4 2.37473543902671E-4 5.07776148704551E-5 -2.04055067613972E-6 -4.43392541180274E-6 -5.95670151880488E-5 -9.8591938725056E-5 -5.52648254494887E-5 -4.94750235696872E-6 -2.03807743547204E-5 -3.33676463316278E-5 -4.80888018483291E-5 -7.20418895382012E-5 -5.93747218536845E-5 -3.43545318835426E-5 -2.61382496138528E-5 -4.29181519699778E-5 1.44294679050972E-6 -2.37480550786186E-6 -1.08248746177781E-6 2.17125882162265E-6 1.47051176823561E-5 2.26211909119647E-5 4.85867412293655E-5 2.83743522733636E-5 5.07776148704551E-5 1.41429763484661E-4 7.70662995741844E-5 5.73654684723338E-5 5.47938423261009E-6 -3.92651706122438E-5 -2.98737455348906E-5 2.66213516778056E-6 -4.03098756689184E-5 -8.7285806194989E-5 -8.30997775632155E-5 -4.76755191162082E-5 -4.02167471034377E-5 -3.00595909170496E-5 -2.69134670767919E-5 -2.45252807538226E-5 -3.62996081929071E-6 -2.7542029102036E-6 -6.83004408010766E-6 -4.48988071558312E-6 3.9185978868938E-6 -6.23091016797742E-6 -5.15323060106565E-6 -6.68548633047365E-5 -2.04055067613972E-6 7.70662995741844E-5 1.77932501537777E-4 8.17012896401229E-5 3.5598489696783E-5 -1.29748265063487E-5 7.62279757321462E-6 2.30095254868464E-5 -4.42346547919993E-5 -4.18112126024168E-5 -5.26814777377109E-5 -3.34402249757261E-5 -4.74676375471021E-5 -3.15379889279227E-5 -2.83056832121532E-5 -1.64121518193378E-5 -9.96619616288304E-6 -4.65378056929924E-6 -2.00786970743523E-6 -1.60574153612548E-6 1.39648365734081E-5 1.7471321973099E-5 -4.16708695258765E-7 -6.67082269075142E-5 -4.43392541180274E-6 5.73654684723338E-5 8.17012896401229E-5 1.70409597135562E-4 6.73121738881697E-5 3.10488858003623E-6 3.62417924227651E-6 4.34939686677643E-5 -4.47842843002905E-6 -6.13030553492283E-5 -6.9793133174706E-5 -7.77644242221854E-5 -5.82411522430414E-5 -3.51816079543333E-5 -3.8864986551935E-5 -2.30284872569958E-5 -4.58310730308274E-6 -2.34661837181356E-6 -1.03704719131627E-6 -2.0350841709807E-6 7.16726577556108E-6 -9.67095631088416E-8 -3.28118499739249E-5 -9.40898759028685E-5 -5.95670151880488E-5 5.47938423261009E-6 3.5598489696783E-5 6.73121738881697E-5 1.55702548273432E-4 1.13472301879752E-4 6.03354434317549E-5 1.64057701028444E-5 -2.96740881063979E-5 -6.78879587596576E-5 -5.29592069453979E-5 -4.27917795180272E-5 -2.33805962236801E-5 -1.70747734444055E-5 -2.7710054976355E-5 -3.42761164184229E-6 -6.44872346282186E-6 -3.39921299028311E-6 -2.26505232957614E-6 -6.89393074680515E-6 -1.41904445425077E-6 -1.10242570418477E-5 -4.42140809922296E-5 -7.53902302507167E-5 -9.8591938725056E-5 -3.92651706122438E-5 -1.29748265063487E-5 3.10488858003623E-6 1.13472301879752E-4 2.22565768845424E-4 1.21238171576454E-4 5.76763412988329E-6 -2.10177045722903E-5 -5.89444682089946E-5 -3.07499424475029E-5 -1.34680235286548E-5 -5.54515853603984E-6 -2.26843848997223E-5 -2.12664841962422E-5 9.41386949007762E-6 -1.55117786287226E-5 -5.97950660797327E-6 -6.69147621834123E-6 -8.37938351835614E-6 -3.54151921727518E-6 9.38837047070085E-6 -9.08209826553338E-6 -3.04347434831739E-5 -5.52648254494887E-5 -2.98737455348906E-5 7.62279757321462E-6 3.62417924227651E-6 6.03354434317549E-5 1.21238171576454E-4 1.6871514971432E-4 8.98609290313543E-6 -1.80999488256405E-5 -3.2817638676926E-5 -3.56107457434282E-5 -1.56949679600487E-5 -3.15820715226797E-5 -3.15298988196519E-5 -3.70177906734523E-5 -1.27980657662734E-5 -1.35307329130747E-5 -7.0879967184597E-6 -7.93753103700811E-6 -7.40608547604241E-6 -8.85802820858039E-7 -1.25333983850861E-5 -1.14477705187026E-5 -2.73484257167613E-5 -4.94750235696872E-6 2.66213516778056E-6 2.30095254868464E-5 4.34939686677643E-5 1.64057701028444E-5 5.76763412988329E-6 8.98609290313543E-6 1.3394557247887E-4 5.56770411036856E-5 1.77135894250183E-5 -6.36390795820409E-6 -4.63953928159569E-5 -6.4981670710878E-5 -4.62345523823137E-5 -3.11242579126237E-5 -1.94363017428904E-5 -2.44733267062521E-5 -1.3936437685169E-5 -6.97499215305601E-6 -1.13179033155872E-5 -9.03488036523829E-6 -8.75064731850042E-6 -5.77835914448739E-6 4.23355832459038E-5 -2.03807743547204E-5 -4.03098756689184E-5 -4.42346547919993E-5 -4.47842843002905E-6 -2.96740881063979E-5 -2.10177045722903E-5 -1.80999488256405E-5 5.56770411036856E-5 1.85327361439239E-4 1.21350257460527E-4 3.54196399570805E-5 -2.51023388706188E-5 -4.70187408425428E-5 -4.37313467702575E-5 -3.66348605769321E-5 -2.91605747077986E-5 -1.50573727756846E-5 -8.11127990807285E-6 -7.05439765335899E-6 -1.02998445381922E-5 -2.93208727692045E-5 -3.46992027370531E-5 -4.79200182730379E-5 3.89118551086051E-7 -3.33676463316278E-5 -8.7285806194989E-5 -4.18112126024168E-5 -6.13030553492283E-5 -6.78879587596576E-5 -5.89444682089946E-5 -3.2817638676926E-5 1.77135894250183E-5 1.21350257460527E-4 2.41563257220016E-4 1.11895015651892E-4 3.99184029802637E-5 2.6912140994236E-6 -2.11264851385806E-6 7.36933502792342E-6 -4.89676712384734E-6 -9.29274285665749E-6 -2.36915127007895E-6 -2.66343267571406E-6 -7.35150301069866E-6 -3.0620912058543E-5 -5.75533635478348E-5 -7.6041574210237E-5 -6.25941497670901E-5 -4.80888018483291E-5 -8.30997775632155E-5 -5.26814777377109E-5 -6.9793133174706E-5 -5.29592069453979E-5 -3.07499424475029E-5 -3.56107457434282E-5 -6.36390795820409E-6 3.54196399570805E-5 1.11895015651892E-4 1.87775106916173E-4 1.16064578313353E-4 5.96380036574313E-5 3.90150676920894E-5 4.90713570052815E-5 2.89550536220476E-5 7.49199095153293E-6 3.5489216383895E-6 -2.06823448846956E-6 -6.44018533562511E-6 -3.16548806811142E-5 -5.5922475110924E-5 -7.6071920284148E-5 -1.20600030903684E-4 -7.20418895382012E-5 -4.76755191162082E-5 -3.34402249757261E-5 -7.77644242221854E-5 -4.27917795180272E-5 -1.34680235286548E-5 -1.56949679600487E-5 -4.63953928159569E-5 -2.51023388706188E-5 3.99184029802637E-5 1.16064578313353E-4 2.08659991788983E-4 1.11241715903193E-4 6.66021216723717E-5 6.63987372092026E-5 4.7205826892302E-5 1.9565160723434E-5 8.73677250630627E-6 5.28394019927184E-6 -1.1315110048658E-6 -1.92937518977907E-5 -3.02025691939267E-5 -6.389755629933E-5 -8.18881602459135E-5 -5.93747218536845E-5 -4.02167471034377E-5 -4.74676375471021E-5 -5.82411522430414E-5 -2.33805962236801E-5 -5.54515853603984E-6 -3.15820715226797E-5 -6.4981670710878E-5 -4.70187408425428E-5 2.6912140994236E-6 5.96380036574313E-5 1.11241715903193E-4 1.55834550383419E-4 8.38635517647963E-5 7.03173474588728E-5 5.70497885287638E-5 1.99853115655703E-5 1.07092316639411E-5 4.40415849119344E-6 6.31992054748387E-6 -8.10646115231733E-6 -1.55534701825318E-5 -3.44852131478332E-5 -5.73454523170783E-5 -3.43545318835426E-5 -3.00595909170496E-5 -3.15379889279227E-5 -3.51816079543333E-5 -1.70747734444055E-5 -2.26843848997223E-5 -3.15298988196519E-5 -4.62345523823137E-5 -4.37313467702575E-5 -2.11264851385806E-6 3.90150676920894E-5 6.66021216723717E-5 8.38635517647963E-5 9.031763070272E-5 5.10151360913347E-5 3.77597911213169E-5 1.58333975286609E-5 8.60315404092004E-6 4.07344254474364E-6 3.44072676055811E-6 -1.1061278182754E-5 -2.9080532441402E-5 -4.22460293677893E-5 -4.61154840484245E-5 -2.61382496138528E-5 -2.69134670767919E-5 -2.83056832121532E-5 -3.8864986551935E-5 -2.7710054976355E-5 -2.12664841962422E-5 -3.70177906734523E-5 -3.11242579126237E-5 -3.66348605769321E-5 7.36933502792342E-6 4.90713570052815E-5 6.63987372092026E-5 7.03173474588728E-5 5.10151360913347E-5 7.93766427677837E-5 4.69798823954268E-5 1.33659116608848E-5 7.82072477086256E-6 2.34730935315945E-6 1.13821540228548E-6 -7.61454937963035E-6 -2.10245231386262E-5 -3.92860267407315E-5 -6.11699263556996E-5 -4.29181519699778E-5 -2.45252807538226E-5 -1.64121518193378E-5 -2.30284872569958E-5 -3.42761164184229E-6 9.41386949007762E-6 -1.27980657662734E-5 -1.94363017428904E-5 -2.91605747077986E-5 -4.89676712384734E-6 2.89550536220476E-5 4.7205826892302E-5 5.70497885287638E-5 3.77597911213169E-5 4.69798823954268E-5 5.36620451603466E-5</un:values>
						  </un:covarianceMatrix>
						</un:MultivariateNormalDistribution>
					  </om:result>
					</om:OM_UncertaintyObservation>

					<om:OM_UncertaintyObservation gml:id="o_1" xmlns:om="http://www.opengis.net/om/2.0"  >
					  <om:phenomenonTime>
						<gml:TimeInstant gml:id="t1">
						  <gml:timePosition>2010-03-02T00:00:00.000+01:00</gml:timePosition>
						</gml:TimeInstant>
					  </om:phenomenonTime>
					  <om:resultTime xlink:href="#t1"/>
					  <om:procedure xlink:href="http://www.uncertweb.org/sensors/ID"/>
					  <om:observedProperty xlink:href="http://www.uncertweb.org/phenomenon/pm10emissions"/>
					  <om:featureOfInterest xlink:href="#sf0"/>
					  <om:result >
						<un:MultivariateNormalDistribution xmlns:un="http://www.uncertml.org/2.0">
						  <un:mean>0.0046 0.0029 0.0023 0.0028 0.0052 0.0159 0.04 0.0743 0.0673 0.057 0.0568 0.0585 0.0634 0.0658 0.0682 0.0732 0.0788 0.0737 0.062 0.046 0.0325 0.0219 0.0164 0.0105</un:mean>
						  <un:covarianceMatrix dimension="24">
							<un:values>1.86291795587879E-5 8.50472103458029E-6 5.25467948292586E-6 8.33843011653839E-6 3.81405801765595E-6 2.03902039509406E-6 -5.16129346165241E-6 -1.61957424212862E-5 -4.13830314766566E-7 1.44294679050972E-6 -3.62996081929071E-6 -9.96619616288304E-6 -4.58310730308274E-6 -6.44872346282186E-6 -1.55117786287226E-5 -1.35307329130747E-5 -2.44733267062521E-5 -1.50573727756846E-5 -9.29274285665749E-6 7.49199095153293E-6 1.9565160723434E-5 1.99853115655703E-5 1.58333975286609E-5 1.33659116608848E-5 8.50472103458029E-6 7.54729550894437E-6 4.13682200340539E-6 6.47679523140554E-6 4.08111625048254E-6 1.00389407487922E-6 -5.63855849666854E-6 -9.63493045807397E-6 -2.88296723015919E-6 -2.37480550786186E-6 -2.7542029102036E-6 -4.65378056929924E-6 -2.34661837181356E-6 -3.39921299028311E-6 -5.97950660797327E-6 -7.0879967184597E-6 -1.3936437685169E-5 -8.11127990807285E-6 -2.36915127007895E-6 3.5489216383895E-6 8.73677250630627E-6 1.07092316639411E-5 8.60315404092004E-6 7.82072477086256E-6 5.25467948292586E-6 4.13682200340539E-6 6.21249629343182E-6 6.26088527448799E-6 5.96927939542768E-6 6.30296518347661E-6 -2.9969042207063E-7 -1.32364101304705E-6 -2.01008179024503E-6 -1.08248746177781E-6 -6.83004408010766E-6 -2.00786970743523E-6 -1.03704719131627E-6 -2.26505232957614E-6 -6.69147621834123E-6 -7.93753103700811E-6 -6.97499215305601E-6 -7.05439765335899E-6 -2.66343267571406E-6 -2.06823448846956E-6 5.28394019927184E-6 4.40415849119344E-6 4.07344254474364E-6 2.34730935315945E-6 8.33843011653839E-6 6.47679523140554E-6 6.26088527448799E-6 1.26737522896763E-5 1.15192337727204E-5 1.25818509058949E-5 3.79001175896155E-6 -5.55137046197286E-6 -1.80865705080042E-6 2.17125882162265E-6 -4.48988071558312E-6 -1.60574153612548E-6 -2.0350841709807E-6 -6.89393074680515E-6 -8.37938351835614E-6 -7.40608547604241E-6 -1.13179033155872E-5 -1.02998445381922E-5 -7.35150301069866E-6 -6.44018533562511E-6 -1.1315110048658E-6 6.31992054748387E-6 3.44072676055811E-6 1.13821540228548E-6 3.81405801765595E-6 4.08111625048254E-6 5.96927939542768E-6 1.15192337727204E-5 2.69694377438433E-5 3.45214743770167E-5 2.71157287469449E-5 2.71111088340932E-6 -3.90330412674362E-6 1.47051176823561E-5 3.9185978868938E-6 1.39648365734081E-5 7.16726577556108E-6 -1.41904445425077E-6 -3.54151921727518E-6 -8.85802820858039E-7 -9.03488036523829E-6 -2.93208727692045E-5 -3.0620912058543E-5 -3.16548806811142E-5 -1.92937518977907E-5 -8.10646115231733E-6 -1.1061278182754E-5 -7.61454937963035E-6 2.03902039509406E-6 1.00389407487922E-6 6.30296518347661E-6 1.25818509058949E-5 3.45214743770167E-5 7.8035665488209E-5 7.46035101944696E-5 2.3336159014702E-5 7.66635839312292E-7 2.26211909119647E-5 -6.23091016797742E-6 1.7471321973099E-5 -9.67095631088416E-8 -1.10242570418477E-5 9.38837047070085E-6 -1.25333983850861E-5 -8.75064731850042E-6 -3.46992027370531E-5 -5.75533635478348E-5 -5.5922475110924E-5 -3.02025691939267E-5 -1.55534701825318E-5 -2.9080532441402E-5 -2.10245231386262E-5 -5.16129346165241E-6 -5.63855849666854E-6 -2.9969042207063E-7 3.79001175896155E-6 2.71157287469449E-5 7.46035101944696E-5 1.59054448330829E-4 1.06734942373043E-4 8.00665962610874E-5 4.85867412293655E-5 -5.15323060106565E-6 -4.16708695258765E-7 -3.28118499739249E-5 -4.42140809922296E-5 -9.08209826553338E-6 -1.14477705187026E-5 -5.77835914448739E-6 -4.79200182730379E-5 -7.6041574210237E-5 -7.6071920284148E-5 -6.389755629933E-5 -3.44852131478332E-5 -4.22460293677893E-5 -3.92860267407315E-5 -1.61957424212862E-5 -9.63493045807397E-6 -1.32364101304705E-6 -5.55137046197286E-6 2.71111088340932E-6 2.3336159014702E-5 1.06734942373043E-4 4.15919012375904E-4 2.0344497484063E-4 2.83743522733636E-5 -6.68548633047365E-5 -6.67082269075142E-5 -9.40898759028685E-5 -7.53902302507167E-5 -3.04347434831739E-5 -2.73484257167613E-5 4.23355832459038E-5 3.89118551086051E-7 -6.25941497670901E-5 -1.20600030903684E-4 -8.18881602459135E-5 -5.73454523170783E-5 -4.61154840484245E-5 -6.11699263556996E-5 -4.13830314766566E-7 -2.88296723015919E-6 -2.01008179024503E-6 -1.80865705080042E-6 -3.90330412674362E-6 7.66635839312292E-7 8.00665962610874E-5 2.0344497484063E-4 2.37473543902671E-4 5.07776148704551E-5 -2.04055067613972E-6 -4.43392541180274E-6 -5.95670151880488E-5 -9.8591938725056E-5 -5.52648254494887E-5 -4.94750235696872E-6 -2.03807743547204E-5 -3.33676463316278E-5 -4.80888018483291E-5 -7.20418895382012E-5 -5.93747218536845E-5 -3.43545318835426E-5 -2.61382496138528E-5 -4.29181519699778E-5 1.44294679050972E-6 -2.37480550786186E-6 -1.08248746177781E-6 2.17125882162265E-6 1.47051176823561E-5 2.26211909119647E-5 4.85867412293655E-5 2.83743522733636E-5 5.07776148704551E-5 1.41429763484661E-4 7.70662995741844E-5 5.73654684723338E-5 5.47938423261009E-6 -3.92651706122438E-5 -2.98737455348906E-5 2.66213516778056E-6 -4.03098756689184E-5 -8.7285806194989E-5 -8.30997775632155E-5 -4.76755191162082E-5 -4.02167471034377E-5 -3.00595909170496E-5 -2.69134670767919E-5 -2.45252807538226E-5 -3.62996081929071E-6 -2.7542029102036E-6 -6.83004408010766E-6 -4.48988071558312E-6 3.9185978868938E-6 -6.23091016797742E-6 -5.15323060106565E-6 -6.68548633047365E-5 -2.04055067613972E-6 7.70662995741844E-5 1.77932501537777E-4 8.17012896401229E-5 3.5598489696783E-5 -1.29748265063487E-5 7.62279757321462E-6 2.30095254868464E-5 -4.42346547919993E-5 -4.18112126024168E-5 -5.26814777377109E-5 -3.34402249757261E-5 -4.74676375471021E-5 -3.15379889279227E-5 -2.83056832121532E-5 -1.64121518193378E-5 -9.96619616288304E-6 -4.65378056929924E-6 -2.00786970743523E-6 -1.60574153612548E-6 1.39648365734081E-5 1.7471321973099E-5 -4.16708695258765E-7 -6.67082269075142E-5 -4.43392541180274E-6 5.73654684723338E-5 8.17012896401229E-5 1.70409597135562E-4 6.73121738881697E-5 3.10488858003623E-6 3.62417924227651E-6 4.34939686677643E-5 -4.47842843002905E-6 -6.13030553492283E-5 -6.9793133174706E-5 -7.77644242221854E-5 -5.82411522430414E-5 -3.51816079543333E-5 -3.8864986551935E-5 -2.30284872569958E-5 -4.58310730308274E-6 -2.34661837181356E-6 -1.03704719131627E-6 -2.0350841709807E-6 7.16726577556108E-6 -9.67095631088416E-8 -3.28118499739249E-5 -9.40898759028685E-5 -5.95670151880488E-5 5.47938423261009E-6 3.5598489696783E-5 6.73121738881697E-5 1.55702548273432E-4 1.13472301879752E-4 6.03354434317549E-5 1.64057701028444E-5 -2.96740881063979E-5 -6.78879587596576E-5 -5.29592069453979E-5 -4.27917795180272E-5 -2.33805962236801E-5 -1.70747734444055E-5 -2.7710054976355E-5 -3.42761164184229E-6 -6.44872346282186E-6 -3.39921299028311E-6 -2.26505232957614E-6 -6.89393074680515E-6 -1.41904445425077E-6 -1.10242570418477E-5 -4.42140809922296E-5 -7.53902302507167E-5 -9.8591938725056E-5 -3.92651706122438E-5 -1.29748265063487E-5 3.10488858003623E-6 1.13472301879752E-4 2.22565768845424E-4 1.21238171576454E-4 5.76763412988329E-6 -2.10177045722903E-5 -5.89444682089946E-5 -3.07499424475029E-5 -1.34680235286548E-5 -5.54515853603984E-6 -2.26843848997223E-5 -2.12664841962422E-5 9.41386949007762E-6 -1.55117786287226E-5 -5.97950660797327E-6 -6.69147621834123E-6 -8.37938351835614E-6 -3.54151921727518E-6 9.38837047070085E-6 -9.08209826553338E-6 -3.04347434831739E-5 -5.52648254494887E-5 -2.98737455348906E-5 7.62279757321462E-6 3.62417924227651E-6 6.03354434317549E-5 1.21238171576454E-4 1.6871514971432E-4 8.98609290313543E-6 -1.80999488256405E-5 -3.2817638676926E-5 -3.56107457434282E-5 -1.56949679600487E-5 -3.15820715226797E-5 -3.15298988196519E-5 -3.70177906734523E-5 -1.27980657662734E-5 -1.35307329130747E-5 -7.0879967184597E-6 -7.93753103700811E-6 -7.40608547604241E-6 -8.85802820858039E-7 -1.25333983850861E-5 -1.14477705187026E-5 -2.73484257167613E-5 -4.94750235696872E-6 2.66213516778056E-6 2.30095254868464E-5 4.34939686677643E-5 1.64057701028444E-5 5.76763412988329E-6 8.98609290313543E-6 1.3394557247887E-4 5.56770411036856E-5 1.77135894250183E-5 -6.36390795820409E-6 -4.63953928159569E-5 -6.4981670710878E-5 -4.62345523823137E-5 -3.11242579126237E-5 -1.94363017428904E-5 -2.44733267062521E-5 -1.3936437685169E-5 -6.97499215305601E-6 -1.13179033155872E-5 -9.03488036523829E-6 -8.75064731850042E-6 -5.77835914448739E-6 4.23355832459038E-5 -2.03807743547204E-5 -4.03098756689184E-5 -4.42346547919993E-5 -4.47842843002905E-6 -2.96740881063979E-5 -2.10177045722903E-5 -1.80999488256405E-5 5.56770411036856E-5 1.85327361439239E-4 1.21350257460527E-4 3.54196399570805E-5 -2.51023388706188E-5 -4.70187408425428E-5 -4.37313467702575E-5 -3.66348605769321E-5 -2.91605747077986E-5 -1.50573727756846E-5 -8.11127990807285E-6 -7.05439765335899E-6 -1.02998445381922E-5 -2.93208727692045E-5 -3.46992027370531E-5 -4.79200182730379E-5 3.89118551086051E-7 -3.33676463316278E-5 -8.7285806194989E-5 -4.18112126024168E-5 -6.13030553492283E-5 -6.78879587596576E-5 -5.89444682089946E-5 -3.2817638676926E-5 1.77135894250183E-5 1.21350257460527E-4 2.41563257220016E-4 1.11895015651892E-4 3.99184029802637E-5 2.6912140994236E-6 -2.11264851385806E-6 7.36933502792342E-6 -4.89676712384734E-6 -9.29274285665749E-6 -2.36915127007895E-6 -2.66343267571406E-6 -7.35150301069866E-6 -3.0620912058543E-5 -5.75533635478348E-5 -7.6041574210237E-5 -6.25941497670901E-5 -4.80888018483291E-5 -8.30997775632155E-5 -5.26814777377109E-5 -6.9793133174706E-5 -5.29592069453979E-5 -3.07499424475029E-5 -3.56107457434282E-5 -6.36390795820409E-6 3.54196399570805E-5 1.11895015651892E-4 1.87775106916173E-4 1.16064578313353E-4 5.96380036574313E-5 3.90150676920894E-5 4.90713570052815E-5 2.89550536220476E-5 7.49199095153293E-6 3.5489216383895E-6 -2.06823448846956E-6 -6.44018533562511E-6 -3.16548806811142E-5 -5.5922475110924E-5 -7.6071920284148E-5 -1.20600030903684E-4 -7.20418895382012E-5 -4.76755191162082E-5 -3.34402249757261E-5 -7.77644242221854E-5 -4.27917795180272E-5 -1.34680235286548E-5 -1.56949679600487E-5 -4.63953928159569E-5 -2.51023388706188E-5 3.99184029802637E-5 1.16064578313353E-4 2.08659991788983E-4 1.11241715903193E-4 6.66021216723717E-5 6.63987372092026E-5 4.7205826892302E-5 1.9565160723434E-5 8.73677250630627E-6 5.28394019927184E-6 -1.1315110048658E-6 -1.92937518977907E-5 -3.02025691939267E-5 -6.389755629933E-5 -8.18881602459135E-5 -5.93747218536845E-5 -4.02167471034377E-5 -4.74676375471021E-5 -5.82411522430414E-5 -2.33805962236801E-5 -5.54515853603984E-6 -3.15820715226797E-5 -6.4981670710878E-5 -4.70187408425428E-5 2.6912140994236E-6 5.96380036574313E-5 1.11241715903193E-4 1.55834550383419E-4 8.38635517647963E-5 7.03173474588728E-5 5.70497885287638E-5 1.99853115655703E-5 1.07092316639411E-5 4.40415849119344E-6 6.31992054748387E-6 -8.10646115231733E-6 -1.55534701825318E-5 -3.44852131478332E-5 -5.73454523170783E-5 -3.43545318835426E-5 -3.00595909170496E-5 -3.15379889279227E-5 -3.51816079543333E-5 -1.70747734444055E-5 -2.26843848997223E-5 -3.15298988196519E-5 -4.62345523823137E-5 -4.37313467702575E-5 -2.11264851385806E-6 3.90150676920894E-5 6.66021216723717E-5 8.38635517647963E-5 9.031763070272E-5 5.10151360913347E-5 3.77597911213169E-5 1.58333975286609E-5 8.60315404092004E-6 4.07344254474364E-6 3.44072676055811E-6 -1.1061278182754E-5 -2.9080532441402E-5 -4.22460293677893E-5 -4.61154840484245E-5 -2.61382496138528E-5 -2.69134670767919E-5 -2.83056832121532E-5 -3.8864986551935E-5 -2.7710054976355E-5 -2.12664841962422E-5 -3.70177906734523E-5 -3.11242579126237E-5 -3.66348605769321E-5 7.36933502792342E-6 4.90713570052815E-5 6.63987372092026E-5 7.03173474588728E-5 5.10151360913347E-5 7.93766427677837E-5 4.69798823954268E-5 1.33659116608848E-5 7.82072477086256E-6 2.34730935315945E-6 1.13821540228548E-6 -7.61454937963035E-6 -2.10245231386262E-5 -3.92860267407315E-5 -6.11699263556996E-5 -4.29181519699778E-5 -2.45252807538226E-5 -1.64121518193378E-5 -2.30284872569958E-5 -3.42761164184229E-6 9.41386949007762E-6 -1.27980657662734E-5 -1.94363017428904E-5 -2.91605747077986E-5 -4.89676712384734E-6 2.89550536220476E-5 4.7205826892302E-5 5.70497885287638E-5 3.77597911213169E-5 4.69798823954268E-5 5.36620451603466E-5</un:values>
						  </un:covarianceMatrix>
						</un:MultivariateNormalDistribution>
					  </om:result>
					</om:OM_UncertaintyObservation>

					<om:OM_UncertaintyObservation gml:id="o_8" xmlns:om="http://www.opengis.net/om/2.0"     >
					  <om:phenomenonTime xlink:href="#t0"/>
					  <om:resultTime xlink:href="#t0"/>
					  <om:procedure xlink:href="http://www.uncertweb.org/sensors/ID"/>
					  <om:observedProperty xlink:href="http://www.uncertweb.org/phenomenon/pm10emissions"/>
					  <om:featureOfInterest>
						<sams:SF_SpatialSamplingFeature gml:id="sf1">
						  <gml:identifier codeSpace="http://www.uncertweb.org">large.1</gml:identifier>
						  <sa:type xlink:href="http://www.opengis.net/def/samplingFeatureType/OGC-OM/2.0/SF_SamplingCurve"/>
						  <sa:sampledFeature xsi:nil="true"/>
						  <sams:shape>
							<gml:MultiLineString gml:id="g2">
							  <gml:lineStringMember>
								<gml:LineString gml:id="g3">
								  <gml:pos>3409649.8 5766570.5</gml:pos>
								  <gml:pos>3409565.1 5766463.7</gml:pos>
								</gml:LineString>
							  </gml:lineStringMember>
							</gml:MultiLineString>
						  </sams:shape>
						</sams:SF_SpatialSamplingFeature>
					  </om:featureOfInterest>
					  <om:result >
						<un:MultivariateNormalDistribution xmlns:un="http://www.uncertml.org/2.0">
						  <un:mean>0.0046 0.0029 0.0023 0.0028 0.0052 0.0159 0.04 0.0743 0.0673 0.057 0.0568 0.0585 0.0634 0.0658 0.0682 0.0732 0.0788 0.0737 0.062 0.046 0.0325 0.0219 0.0164 0.0105</un:mean>
						  <un:covarianceMatrix dimension="24">
