<?xml version="1.0" ?>			
			
<uw:UncertainInput xmlns:ows="http://www.opengis.net/ows/1.1" xmlns:wps="http://www.opengis.net/wps/1.0.0" xmlns:uw="http://www.uncertweb.org" xmlns:xlink="http://www.w3.org/1999/xlink" xmlns:xsi="http://www.w3.org/2001/XMLSchema-instance" xsi:schemaLocation="http://www.uncertweb.org http://giv-uw.uni-muenster.de:8080/uts/schemas/UncertainType.xsd">
	<ows:Identifier>input1</ows:Identifier>
	<wps:Data>
	
	
		<OM_UncertaintyObservationCollection xmlns="http://www.opengis.net/om/2.0" xmlns:om="http://www.opengis.net/om/2.0" xmlns:gml="http://www.opengis.net/gml/3.2" xmlns:sa="http://www.opengis.net/sampling/2.0" xmlns:sams="http://www.opengis.net/samplingSpatial/2.0" xmlns:xlink="http://www.w3.org/1999/xlink" xmlns:gmd="http://www.isotc211.org/2005/gmd" xmlns:xsi="http://www.w3.org/2001/XMLSchema-instance" xsi:schemaLocation="http://www.opengis.net/om/2.0 http://v-mars.uni-muenster.de/uncertweb/schema/Profiles/OM/UncertWeb_OM.xsd">

			<om:OM_UncertaintyObservation gml:id="o_0" xmlns:om="http://www.opengis.net/om/2.0"     >
			  <om:phenomenonTime>
				<gml:TimeInstant gml:id="t0">
				  <gml:timePosition>2010-03-01T00:00:00.000+01:00</gml:timePosition>
				</gml:TimeInstant>
			  </om:phenomenonTime>
			  <om:resultTime xlink:href="#t0"/>
			  <om:procedure xlink:href="http://www.uncertweb.org/sensors/ID"/>
			  <om:observedProperty xlink:href="http://www.uncertweb.org/phenomenon/pm10emissions"/>
			  <om:featureOfInterest>
				<sams:SF_SpatialSamplingFeature gml:id="sf0">
				  <gml:identifier codeSpace="http://www.uncertweb.org">small.0</gml:identifier>
				  <sa:type xlink:href="http://www.opengis.net/def/samplingFeatureType/OGC-OM/2.0/SF_SamplingSurface"/>
				  <sa:sampledFeature xsi:nil="true"/>
				  <sams:shape>
					<gml:MultiPolygon gml:id="g0">
					  <gml:polygonMember>
						<gml:Polygon gml:id="g1" srsName="http://www.opengis.net/def/crs/EPSG/0/0">
						  <gml:exterior>
							<gml:LinearRing>
							  <gml:pos>3405822.1 5769516.1</gml:pos>
							  <gml:pos>3404822.1 5769516.1</gml:pos>
							  <gml:pos>3404822.1 5770516.1</gml:pos>
							  <gml:pos>3405822.1 5770516.1</gml:pos>
							  <gml:pos>3405822.1 5769516.1</gml:pos>
							</gml:LinearRing>
						  </gml:exterior>
						</gml:Polygon>
					  </gml:polygonMember>
					</gml:MultiPolygon>
				  </sams:shape>
				</sams:SF_SpatialSamplingFeature>
			  </om:featureOfInterest>
			  <om:result >
				<un:MultivariateNormalDistribution xmlns:un="http://www.uncertml.org/2.0">
				  <un:mean>0.0078 0.0032 0.0019 0.0046 0.0042 0.0155 0.0343 0.0721 0.074 0.0605 0.0602 0.0625 0.0642 0.063 0.0727 0.0707 0.0737 0.0603 0.0553 0.0468 0.0292 0.0251 0.0252 0.0129</un:mean>
				  <un:covarianceMatrix dimension="24">
					<un:values>1.65977167412493E-4 6.12625905410576E-5 8.14382226060837E-6 3.28414039611546E-5 2.58861891816783E-5 8.60907501233215E-5 1.87451171549135E-4 9.91958771435869E-5 1.02284026267395E-4 -2.22832163027414E-5 -1.09378387158483E-4 -9.61482233121819E-5 -1.12024906611425E-4 -7.45589074403035E-5 -1.71012927306615E-4 -3.97001126037164E-5 -1.95052750776151E-4 -1.11938717282576E-4 -8.98402710258422E-5 -8.90280799219819E-5 1.22600599046766E-4 7.17434337743893E-5 8.71359880088256E-5 6.03534804716055E-5 6.12625905410576E-5 4.33742097857356E-5 8.80359417785654E-6 3.88851124214183E-5 1.089811662953E-5 4.31125974440276E-5 7.34954642602279E-5 -4.70203060349038E-6 -6.76969890049621E-6 -9.06047777802171E-6 -2.23000409576506E-5 -2.81266513115951E-5 -1.69587181465976E-6 1.93395649706957E-5 -6.25671047369581E-5 6.04458899892275E-6 -1.14094195422388E-4 -5.64162923208683E-5 -5.0645971772896E-5 -6.19442530577953E-5 3.33262140541311E-5 1.06171250981341E-5 4.63522929004315E-5 2.28111173946507E-5 8.14382226060837E-6 8.80359417785654E-6 1.2767219759521E-5 3.03799710559683E-5 1.28163443269256E-5 1.72724339804118E-5 2.09131911847343E-5 2.7072393736783E-5 1.71017245872759E-5 1.10409462946086E-5 -3.01723172025136E-5 -2.25415528230118E-5 -1.84839920356018E-5 1.47998215221031E-5 1.46560956856339E-6 1.56391778079997E-5 -1.54976620079852E-5 -3.58121620641861E-5 -2.12200578133242E-5 -2.26938638311708E-5 -2.05468564796618E-5 -9.78368076982939E-6 3.0968349650289E-6 -4.5609402011038E-6 3.28414039611546E-5 3.88851124214183E-5 3.03799710559683E-5 1.81638520509809E-4 5.54679021427342E-5 8.00327798001572E-5 2.0048537264179E-5 3.914913697485E-5 -1.33207044317992E-5 -2.41802421986455E-5 -1.05410333798161E-4 -7.66372965362623E-5 1.58568957063005E-5 2.47439382408913E-5 9.44169295904668E-5 -3.38725924881209E-5 -1.60811919777275E-4 -1.29042267449597E-4 -7.41813999890545E-5 -3.65183274508227E-5 -2.99300492345729E-5 5.21027519075847E-5 2.3042809500466E-5 -4.70155572166821E-6 2.58861891816783E-5 1.089811662953E-5 1.28163443269256E-5 5.54679021427342E-5 3.76190666587548E-5 2.44143929655007E-5 1.7040188553091E-5 2.75672354383001E-5 2.90140789478639E-5 9.55828767662677E-6 -7.59872976886371E-5 -4.10651186762548E-5 -3.56788444937114E-5 -3.57154406473212E-5 -4.22550738053341E-7 6.66368625517114E-6 5.63530931954528E-6 -4.41534526117145E-5 -8.80769493893939E-6 -2.14961443968024E-5 -2.26985192292639E-6 1.29632092185941E-5 -1.01354967671272E-6 -8.93406152324276E-6 8.60907501233215E-5 4.31125974440276E-5 1.72724339804118E-5 8.00327798001572E-5 2.44143929655007E-5 1.70316239567494E-4 7.53622408238355E-5 -1.25024932704861E-5 -5.86795085517238E-5 -9.42205230758671E-5 -8.60918282167048E-5 -8.55301042948598E-5 -2.18772349973223E-5 2.81566995166217E-6 3.31255039964233E-5 -1.6489739073893E-5 -1.47367716756849E-4 -1.25749521314423E-4 -3.23039222783477E-5 2.31632478876801E-5 -2.02176763435863E-5 6.20644587257299E-5 5.24502055906041E-5 3.0809747317214E-5 1.87451171549135E-4 7.34954642602279E-5 2.09131911847343E-5 2.0048537264179E-5 1.7040188553091E-5 7.53622408238355E-5 3.89625670667831E-4 2.29780954039503E-4 9.60241411307775E-5 -7.34319808240919E-7 -1.31294037576077E-4 -2.05651018611748E-4 -2.39147256542894E-4 -5.12770765818098E-5 -1.51375055885399E-4 -3.99943172093255E-5 -3.19388666750328E-4 -1.36838750551214E-4 -1.40644286496219E-4 -1.41776240440927E-4 1.34378555128882E-4 9.16416902187212E-5 1.16181434434293E-4 1.06177787198971E-4 9.91958771435869E-5 -4.70203060349038E-6 2.7072393736783E-5 3.914913697485E-5 2.75672354383001E-5 -1.25024932704861E-5 2.29780954039503E-4 0.00129749992040383 4.61512783974787E-4 6.32311360088957E-6 -5.37819234601551E-4 -3.52001840466755E-4 -3.47103498443249E-4 2.06052039716499E-6 -4.32044327685084E-4 -1.33562409326247E-4 -3.51702013750047E-4 -1.88039121837606E-4 -1.6370056327055E-4 -4.00786483073812E-5 3.24639580572401E-5 1.41258678395591E-4 1.7437093825382E-4 2.50006711461029E-5 1.02284026267395E-4 -6.76969890049621E-6 1.71017245872759E-5 -1.33207044317992E-5 2.90140789478639E-5 -5.86795085517238E-5 9.60241411307775E-5 4.61512783974787E-4 0.00101243180927807 1.14602566479037E-4 -2.12673136675345E-4 -1.63275474535341E-4 -3.06187211852554E-4 -1.02861648677879E-4 -2.79779364244669E-4 -1.17444814076039E-4 -5.92594282030711E-5 -1.75209955881208E-4 -2.3844992029494E-4 -2.62534993299472E-4 6.84023835322704E-5 -1.48014135459577E-5 9.05271894933325E-5 1.93465694796826E-5 -2.22832163027414E-5 -9.06047777802171E-6 1.10409462946086E-5 -2.41802421986455E-5 9.55828767662677E-6 -9.42205230758671E-5 -7.34319808240919E-7 6.32311360088957E-6 1.14602566479037E-4 5.39745055969837E-4 3.85367408881821E-5 4.58342095037391E-5 1.00526687524371E-4 -4.05373323063612E-5 -9.88267633340582E-5 9.84272605041051E-5 2.80102204484158E-4 -5.89278511330692E-5 -5.48920975420425E-5 -2.33076445073914E-4 -1.81937779953926E-4 -2.37919139886674E-4 -1.17930562341888E-4 -7.01703221901054E-5 -1.09378387158483E-4 -2.23000409576506E-5 -3.01723172025136E-5 -1.05410333798161E-4 -7.59872976886371E-5 -8.60918282167048E-5 -1.31294037576077E-4 -5.37819234601551E-4 -2.12673136675345E-4 3.85367408881821E-5 6.34304554611627E-4 2.34598745945586E-4 1.52603851577012E-4 1.19859821851413E-4 1.339062610721E-4 8.22738511554826E-5 7.25418355788556E-5 9.97274102375533E-5 -1.10615386351933E-4 -7.50921520232195E-5 -4.74051957729929E-5 -5.19519979249299E-5 3.15131279378831E-5 -3.67485490749825E-6 -9.61482233121819E-5 -2.81266513115951E-5 -2.25415528230118E-5 -7.66372965362623E-5 -4.10651186762548E-5 -8.55301042948598E-5 -2.05651018611748E-4 -3.52001840466755E-4 -1.63275474535341E-4 4.58342095037391E-5 2.34598745945586E-4 5.13186024635678E-4 2.55668718479643E-4 6.72619431417307E-5 -1.29932688430185E-5 9.49027365016195E-5 9.07778753470947E-5 7.66167497774319E-5 -2.96562298618881E-5 4.9199389324798E-5 5.88543250950129E-6 -1.58560741966656E-4 -1.34736489754219E-4 -2.70078141730307E-5 -1.12024906611425E-4 -1.69587181465976E-6 -1.84839920356018E-5 1.58568957063005E-5 -3.56788444937114E-5 -2.18772349973223E-5 -2.39147256542894E-4 -3.47103498443249E-4 -3.06187211852554E-4 1.00526687524371E-4 1.52603851577012E-4 2.55668718479643E-4 6.3746161014008E-4 1.20425395169971E-4 2.96841123780694E-4 2.63557265954563E-5 1.80307992515457E-4 5.38303648463525E-5 -4.51002779937898E-5 -1.32768192896548E-4 -1.49360107824913E-4 -1.93843926900468E-4 -1.45316830569751E-4 -9.12902133584518E-5 -7.45589074403035E-5 1.93395649706957E-5 1.47998215221031E-5 2.47439382408913E-5 -3.57154406473212E-5 2.81566995166217E-6 -5.12770765818098E-5 2.06052039716499E-6 -1.02861648677879E-4 -4.05373323063612E-5 1.19859821851413E-4 6.72619431417307E-5 1.20425395169971E-4 4.56460843005109E-4 2.33275346050151E-5 1.79850798235531E-4 -6.24115545896124E-5 -5.46996882200054E-5 -9.61915420997117E-5 -8.26557050735335E-5 -1.42291177771543E-4 -1.25953356025469E-4 -5.82811754939169E-5 -1.03511246163821E-4 -1.71012927306615E-4 -6.25671047369581E-5 1.46560956856339E-6 9.44169295904668E-5 -4.22550738053341E-7 3.31255039964233E-5 -1.51375055885399E-4 -4.32044327685084E-4 -2.79779364244669E-4 -9.88267633340582E-5 1.339062610721E-4 -1.29932688430185E-5 2.96841123780694E-4 2.33275346050151E-5 0.00118088006829763 -3.86577411498828E-5 5.62435417004396E-5 5.04521722887171E-5 -9.37374061239447E-5 -4.88782681994441E-5 -2.27976273047867E-4 -6.70625509249232E-5 -1.35593240199542E-4 -4.97319024805942E-5 -3.97001126037164E-5 6.04458899892275E-6 1.56391778079997E-5 -3.38725924881209E-5 6.66368625517114E-6 -1.6489739073893E-5 -3.99943172093255E-5 -1.33562409326247E-4 -1.17444814076039E-4 9.84272605041051E-5 8.22738511554826E-5 9.49027365016195E-5 2.63557265954563E-5 1.79850798235531E-4 -3.86577411498828E-5 3.9167799114752E-4 1.67923616311752E-4 2.69497843808814E-5 1.68663740136422E-5 -1.97703570621346E-4 -1.08434967214046E-4 -1.77522712150643E-4 -9.3004584962336E-5 -1.17188031032489E-4 -1.95052750776151E-4 -1.14094195422388E-4 -1.54976620079852E-5 -1.60811919777275E-4 5.63530931954528E-6 -1.47367716756849E-4 -3.19388666750328E-4 -3.51702013750047E-4 -5.92594282030711E-5 2.80102204484158E-4 7.25418355788556E-5 9.07778753470947E-5 1.80307992515457E-4 -6.24115545896124E-5 5.62435417004396E-5 1.67923616311752E-4 0.00114484342644992 2.68110825884206E-4 3.41363591596087E-4 -1.29611778427524E-5 -3.50320404291437E-4 -2.7822676774611E-4 -3.31829680370403E-4 -2.08926280903112E-4 -1.11938717282576E-4 -5.64162923208683E-5 -3.58121620641861E-5 -1.29042267449597E-4 -4.41534526117145E-5 -1.25749521314423E-4 -1.36838750551214E-4 -1.88039121837606E-4 -1.75209955881208E-4 -5.89278511330692E-5 9.97274102375533E-5 7.66167497774319E-5 5.38303648463525E-5 -5.46996882200054E-5 5.04521722887171E-5 2.69497843808814E-5 2.68110825884206E-4 4.17874696274743E-4 2.28825646862596E-4 1.42330376259435E-4 7.22705393391829E-6 -7.01893223554517E-5 -1.35131509237457E-4 -4.97964684864585E-5 -8.98402710258422E-5 -5.0645971772896E-5 -2.12200578133242E-5 -7.41813999890545E-5 -8.80769493893939E-6 -3.23039222783477E-5 -1.40644286496219E-4 -1.6370056327055E-4 -2.3844992029494E-4 -5.48920975420425E-5 -1.10615386351933E-4 -2.96562298618881E-5 -4.51002779937898E-5 -9.61915420997117E-5 -9.37374061239447E-5 1.68663740136422E-5 3.41363591596087E-4 2.28825646862596E-4 6.77004900132331E-4 3.79305115642292E-4 -9.00359364681556E-6 -1.11702225942655E-4 -1.83746451629912E-4 -8.89263291741432E-5 -8.90280799219819E-5 -6.19442530577953E-5 -2.26938638311708E-5 -3.65183274508227E-5 -2.14961443968024E-5 2.31632478876801E-5 -1.41776240440927E-4 -4.00786483073812E-5 -2.62534993299472E-4 -2.33076445073914E-4 -7.50921520232195E-5 4.9199389324798E-5 -1.32768192896548E-4 -8.26557050735335E-5 -4.88782681994441E-5 -1.97703570621346E-4 -1.29611778427524E-5 1.42330376259435E-4 3.79305115642292E-4 8.20524343001901E-4 4.0164204051384E-6 2.10079421141205E-5 -3.00968603605473E-5 4.9756088162293E-5 1.22600599046766E-4 3.33262140541311E-5 -2.05468564796618E-5 -2.99300492345729E-5 -2.26985192292639E-6 -2.02176763435863E-5 1.34378555128882E-4 3.24639580572401E-5 6.84023835322704E-5 -1.81937779953926E-4 -4.74051957729929E-5 5.88543250950129E-6 -1.49360107824913E-4 -1.42291177771543E-4 -2.27976273047867E-4 -1.08434967214046E-4 -3.50320404291437E-4 7.22705393391829E-6 -9.00359364681556E-6 4.0164204051384E-6 4.35078597701242E-4 2.2707306342913E-4 1.14219204705186E-4 1.05022451000881E-4 7.17434337743893E-5 1.06171250981341E-5 -9.78368076982939E-6 5.21027519075847E-5 1.29632092185941E-5 6.20644587257299E-5 9.16416902187212E-5 1.41258678395591E-4 -1.48014135459577E-5 -2.37919139886674E-4 -5.19519979249299E-5 -1.58560741966656E-4 -1.93843926900468E-4 -1.25953356025469E-4 -6.70625509249232E-5 -1.77522712150643E-4 -2.7822676774611E-4 -7.01893223554517E-5 -1.11702225942655E-4 2.10079421141205E-5 2.2707306342913E-4 4.90814620309422E-4 1.8732863425559E-4 1.2890222869276E-4 8.71359880088256E-5 4.63522929004315E-5 3.0968349650289E-6 2.3042809500466E-5 -1.01354967671272E-6 5.24502055906041E-5 1.16181434434293E-4 1.7437093825382E-4 9.05271894933325E-5 -1.17930562341888E-4 3.15131279378831E-5 -1.34736489754219E-4 -1.45316830569751E-4 -5.82811754939169E-5 -1.35593240199542E-4 -9.3004584962336E-5 -3.31829680370403E-4 -1.35131509237457E-4 -1.83746451629912E-4 -3.00968603605473E-5 1.14219204705186E-4 1.8732863425559E-4 3.16068362354711E-4 1.24393912196512E-4 6.03534804716055E-5 2.28111173946507E-5 -4.5609402011038E-6 -4.70155572166821E-6 -8.93406152324276E-6 3.0809747317214E-5 1.06177787198971E-4 2.50006711461029E-5 1.93465694796826E-5 -7.01703221901054E-5 -3.67485490749825E-6 -2.70078141730307E-5 -9.12902133584518E-5 -1.03511246163821E-4 -4.97319024805942E-5 -1.17188031032489E-4 -2.08926280903112E-4 -4.97964684864585E-5 -8.89263291741432E-5 4.9756088162293E-5 1.05022451000881E-4 1.2890222869276E-4 1.24393912196512E-4 1.55845967255047E-4</un:values>
				  </un:covarianceMatrix>
				</un:MultivariateNormalDistribution>
			  </om:result>
			</om:OM_UncertaintyObservation>

			<om:OM_UncertaintyObservation gml:id="o_1" xmlns:om="http://www.opengis.net/om/2.0"  >
			  <om:phenomenonTime>
				<gml:TimeInstant gml:id="t1">
				  <gml:timePosition>2010-03-02T00:00:00.000+01:00</gml:timePosition>
				</gml:TimeInstant>
			  </om:phenomenonTime>
			  <om:resultTime xlink:href="#t1"/>
			  <om:procedure xlink:href="http://www.uncertweb.org/sensors/ID"/>
			  <om:observedProperty xlink:href="http://www.uncertweb.org/phenomenon/pm10emissions"/>
			  <om:featureOfInterest xlink:href="#sf0"/>
			  <om:result >
				<un:MultivariateNormalDistribution xmlns:un="http://www.uncertml.org/2.0">
				  <un:mean>0.0078 0.0032 0.0019 0.0046 0.0042 0.0155 0.0343 0.0721 0.074 0.0605 0.0602 0.0625 0.0642 0.063 0.0727 0.0707 0.0737 0.0603 0.0553 0.0468 0.0292 0.0251 0.0252 0.0129</un:mean>
				  <un:covarianceMatrix dimension="24">
					<un:values>1.65977167412493E-4 6.12625905410576E-5 8.14382226060837E-6 3.28414039611546E-5 2.58861891816783E-5 8.60907501233215E-5 1.87451171549135E-4 9.91958771435869E-5 1.02284026267395E-4 -2.22832163027414E-5 -1.09378387158483E-4 -9.61482233121819E-5 -1.12024906611425E-4 -7.45589074403035E-5 -1.71012927306615E-4 -3.97001126037164E-5 -1.95052750776151E-4 -1.11938717282576E-4 -8.98402710258422E-5 -8.90280799219819E-5 1.22600599046766E-4 7.17434337743893E-5 8.71359880088256E-5 6.03534804716055E-5 6.12625905410576E-5 4.33742097857356E-5 8.80359417785654E-6 3.88851124214183E-5 1.089811662953E-5 4.31125974440276E-5 7.34954642602279E-5 -4.70203060349038E-6 -6.76969890049621E-6 -9.06047777802171E-6 -2.23000409576506E-5 -2.81266513115951E-5 -1.69587181465976E-6 1.93395649706957E-5 -6.25671047369581E-5 6.04458899892275E-6 -1.14094195422388E-4 -5.64162923208683E-5 -5.0645971772896E-5 -6.19442530577953E-5 3.33262140541311E-5 1.06171250981341E-5 4.63522929004315E-5 2.28111173946507E-5 8.14382226060837E-6 8.80359417785654E-6 1.2767219759521E-5 3.03799710559683E-5 1.28163443269256E-5 1.72724339804118E-5 2.09131911847343E-5 2.7072393736783E-5 1.71017245872759E-5 1.10409462946086E-5 -3.01723172025136E-5 -2.25415528230118E-5 -1.84839920356018E-5 1.47998215221031E-5 1.46560956856339E-6 1.56391778079997E-5 -1.54976620079852E-5 -3.58121620641861E-5 -2.12200578133242E-5 -2.26938638311708E-5 -2.05468564796618E-5 -9.78368076982939E-6 3.0968349650289E-6 -4.5609402011038E-6 3.28414039611546E-5 3.88851124214183E-5 3.03799710559683E-5 1.81638520509809E-4 5.54679021427342E-5 8.00327798001572E-5 2.0048537264179E-5 3.914913697485E-5 -1.33207044317992E-5 -2.41802421986455E-5 -1.05410333798161E-4 -7.66372965362623E-5 1.58568957063005E-5 2.47439382408913E-5 9.44169295904668E-5 -3.38725924881209E-5 -1.60811919777275E-4 -1.29042267449597E-4 -7.41813999890545E-5 -3.65183274508227E-5 -2.99300492345729E-5 5.21027519075847E-5 2.3042809500466E-5 -4.70155572166821E-6 2.58861891816783E-5 1.089811662953E-5 1.28163443269256E-5 5.54679021427342E-5 3.76190666587548E-5 2.44143929655007E-5 1.7040188553091E-5 2.75672354383001E-5 2.90140789478639E-5 9.55828767662677E-6 -7.59872976886371E-5 -4.10651186762548E-5 -3.56788444937114E-5 -3.57154406473212E-5 -4.22550738053341E-7 6.66368625517114E-6 5.63530931954528E-6 -4.41534526117145E-5 -8.80769493893939E-6 -2.14961443968024E-5 -2.26985192292639E-6 1.29632092185941E-5 -1.01354967671272E-6 -8.93406152324276E-6 8.60907501233215E-5 4.31125974440276E-5 1.72724339804118E-5 8.00327798001572E-5 2.44143929655007E-5 1.70316239567494E-4 7.53622408238355E-5 -1.25024932704861E-5 -5.86795085517238E-5 -9.42205230758671E-5 -8.60918282167048E-5 -8.55301042948598E-5 -2.18772349973223E-5 2.81566995166217E-6 3.31255039964233E-5 -1.6489739073893E-5 -1.47367716756849E-4 -1.25749521314423E-4 -3.23039222783477E-5 2.31632478876801E-5 -2.02176763435863E-5 6.20644587257299E-5 5.24502055906041E-5 3.0809747317214E-5 1.87451171549135E-4 7.34954642602279E-5 2.09131911847343E-5 2.0048537264179E-5 1.7040188553091E-5 7.53622408238355E-5 3.89625670667831E-4 2.29780954039503E-4 9.60241411307775E-5 -7.34319808240919E-7 -1.31294037576077E-4 -2.05651018611748E-4 -2.39147256542894E-4 -5.12770765818098E-5 -1.51375055885399E-4 -3.99943172093255E-5 -3.19388666750328E-4 -1.36838750551214E-4 -1.40644286496219E-4 -1.41776240440927E-4 1.34378555128882E-4 9.16416902187212E-5 1.16181434434293E-4 1.06177787198971E-4 9.91958771435869E-5 -4.70203060349038E-6 2.7072393736783E-5 3.914913697485E-5 2.75672354383001E-5 -1.25024932704861E-5 2.29780954039503E-4 0.00129749992040383 4.61512783974787E-4 6.32311360088957E-6 -5.37819234601551E-4 -3.52001840466755E-4 -3.47103498443249E-4 2.06052039716499E-6 -4.32044327685084E-4 -1.33562409326247E-4 -3.51702013750047E-4 -1.88039121837606E-4 -1.6370056327055E-4 -4.00786483073812E-5 3.24639580572401E-5 1.41258678395591E-4 1.7437093825382E-4 2.50006711461029E-5 1.02284026267395E-4 -6.76969890049621E-6 1.71017245872759E-5 -1.33207044317992E-5 2.90140789478639E-5 -5.86795085517238E-5 9.60241411307775E-5 4.61512783974787E-4 0.00101243180927807 1.14602566479037E-4 -2.12673136675345E-4 -1.63275474535341E-4 -3.06187211852554E-4 -1.02861648677879E-4 -2.79779364244669E-4 -1.17444814076039E-4 -5.92594282030711E-5 -1.75209955881208E-4 -2.3844992029494E-4 -2.62534993299472E-4 6.84023835322704E-5 -1.48014135459577E-5 9.05271894933325E-5 1.93465694796826E-5 -2.22832163027414E-5 -9.06047777802171E-6 1.10409462946086E-5 -2.41802421986455E-5 9.55828767662677E-6 -9.42205230758671E-5 -7.34319808240919E-7 6.32311360088957E-6 1.14602566479037E-4 5.39745055969837E-4 3.85367408881821E-5 4.58342095037391E-5 1.00526687524371E-4 -4.05373323063612E-5 -9.88267633340582E-5 9.84272605041051E-5 2.80102204484158E-4 -5.89278511330692E-5 -5.48920975420425E-5 -2.33076445073914E-4 -1.81937779953926E-4 -2.37919139886674E-4 -1.17930562341888E-4 -7.01703221901054E-5 -1.09378387158483E-4 -2.23000409576506E-5 -3.01723172025136E-5 -1.05410333798161E-4 -7.59872976886371E-5 -8.60918282167048E-5 -1.31294037576077E-4 -5.37819234601551E-4 -2.12673136675345E-4 3.85367408881821E-5 6.34304554611627E-4 2.34598745945586E-4 1.52603851577012E-4 1.19859821851413E-4 1.339062610721E-4 8.22738511554826E-5 7.25418355788556E-5 9.97274102375533E-5 -1.10615386351933E-4 -7.50921520232195E-5 -4.74051957729929E-5 -5.19519979249299E-5 3.15131279378831E-5 -3.67485490749825E-6 -9.61482233121819E-5 -2.81266513115951E-5 -2.25415528230118E-5 -7.66372965362623E-5 -4.10651186762548E-5 -8.55301042948598E-5 -2.05651018611748E-4 -3.52001840466755E-4 -1.63275474535341E-4 4.58342095037391E-5 2.34598745945586E-4 5.13186024635678E-4 2.55668718479643E-4 6.72619431417307E-5 -1.29932688430185E-5 9.49027365016195E-5 9.07778753470947E-5 7.66167497774319E-5 -2.96562298618881E-5 4.9199389324798E-5 5.88543250950129E-6 -1.58560741966656E-4 -1.34736489754219E-4 -2.70078141730307E-5 -1.12024906611425E-4 -1.69587181465976E-6 -1.84839920356018E-5 1.58568957063005E-5 -3.56788444937114E-5 -2.18772349973223E-5 -2.39147256542894E-4 -3.47103498443249E-4 -3.06187211852554E-4 1.00526687524371E-4 1.52603851577012E-4 2.55668718479643E-4 6.3746161014008E-4 1.20425395169971E-4 2.96841123780694E-4 2.63557265954563E-5 1.80307992515457E-4 5.38303648463525E-5 -4.51002779937898E-5 -1.32768192896548E-4 -1.49360107824913E-4 -1.93843926900468E-4 -1.45316830569751E-4 -9.12902133584518E-5 -7.45589074403035E-5 1.93395649706957E-5 1.47998215221031E-5 2.47439382408913E-5 -3.57154406473212E-5 2.81566995166217E-6 -5.12770765818098E-5 2.06052039716499E-6 -1.02861648677879E-4 -4.05373323063612E-5 1.19859821851413E-4 6.72619431417307E-5 1.20425395169971E-4 4.56460843005109E-4 2.33275346050151E-5 1.79850798235531E-4 -6.24115545896124E-5 -5.46996882200054E-5 -9.61915420997117E-5 -8.26557050735335E-5 -1.42291177771543E-4 -1.25953356025469E-4 -5.82811754939169E-5 -1.03511246163821E-4 -1.71012927306615E-4 -6.25671047369581E-5 1.46560956856339E-6 9.44169295904668E-5 -4.22550738053341E-7 3.31255039964233E-5 -1.51375055885399E-4 -4.32044327685084E-4 -2.79779364244669E-4 -9.88267633340582E-5 1.339062610721E-4 -1.29932688430185E-5 2.96841123780694E-4 2.33275346050151E-5 0.00118088006829763 -3.86577411498828E-5 5.62435417004396E-5 5.04521722887171E-5 -9.37374061239447E-5 -4.88782681994441E-5 -2.27976273047867E-4 -6.70625509249232E-5 -1.35593240199542E-4 -4.97319024805942E-5 -3.97001126037164E-5 6.04458899892275E-6 1.56391778079997E-5 -3.38725924881209E-5 6.66368625517114E-6 -1.6489739073893E-5 -3.99943172093255E-5 -1.33562409326247E-4 -1.17444814076039E-4 9.84272605041051E-5 8.22738511554826E-5 9.49027365016195E-5 2.63557265954563E-5 1.79850798235531E-4 -3.86577411498828E-5 3.9167799114752E-4 1.67923616311752E-4 2.69497843808814E-5 1.68663740136422E-5 -1.97703570621346E-4 -1.08434967214046E-4 -1.77522712150643E-4 -9.3004584962336E-5 -1.17188031032489E-4 -1.95052750776151E-4 -1.14094195422388E-4 -1.54976620079852E-5 -1.60811919777275E-4 5.63530931954528E-6 -1.47367716756849E-4 -3.19388666750328E-4 -3.51702013750047E-4 -5.92594282030711E-5 2.80102204484158E-4 7.25418355788556E-5 9.07778753470947E-5 1.80307992515457E-4 -6.24115545896124E-5 5.62435417004396E-5 1.67923616311752E-4 0.00114484342644992 2.68110825884206E-4 3.41363591596087E-4 -1.29611778427524E-5 -3.50320404291437E-4 -2.7822676774611E-4 -3.31829680370403E-4 -2.08926280903112E-4 -1.11938717282576E-4 -5.64162923208683E-5 -3.58121620641861E-5 -1.29042267449597E-4 -4.41534526117145E-5 -1.25749521314423E-4 -1.36838750551214E-4 -1.88039121837606E-4 -1.75209955881208E-4 -5.89278511330692E-5 9.97274102375533E-5 7.66167497774319E-5 5.38303648463525E-5 -5.46996882200054E-5 5.04521722887171E-5 2.69497843808814E-5 2.68110825884206E-4 4.17874696274743E-4 2.28825646862596E-4 1.42330376259435E-4 7.22705393391829E-6 -7.01893223554517E-5 -1.35131509237457E-4 -4.97964684864585E-5 -8.98402710258422E-5 -5.0645971772896E-5 -2.12200578133242E-5 -7.41813999890545E-5 -8.80769493893939E-6 -3.23039222783477E-5 -1.40644286496219E-4 -1.6370056327055E-4 -2.3844992029494E-4 -5.48920975420425E-5 -1.10615386351933E-4 -2.96562298618881E-5 -4.51002779937898E-5 -9.61915420997117E-5 -9.37374061239447E-5 1.68663740136422E-5 3.41363591596087E-4 2.28825646862596E-4 6.77004900132331E-4 3.79305115642292E-4 -9.00359364681556E-6 -1.11702225942655E-4 -1.83746451629912E-4 -8.89263291741432E-5 -8.90280799219819E-5 -6.19442530577953E-5 -2.26938638311708E-5 -3.65183274508227E-5 -2.14961443968024E-5 2.31632478876801E-5 -1.41776240440927E-4 -4.00786483073812E-5 -2.62534993299472E-4 -2.33076445073914E-4 -7.50921520232195E-5 4.9199389324798E-5 -1.32768192896548E-4 -8.26557050735335E-5 -4.88782681994441E-5 -1.97703570621346E-4 -1.29611778427524E-5 1.42330376259435E-4 3.79305115642292E-4 8.20524343001901E-4 4.0164204051384E-6 2.10079421141205E-5 -3.00968603605473E-5 4.9756088162293E-5 1.22600599046766E-4 3.33262140541311E-5 -2.05468564796618E-5 -2.99300492345729E-5 -2.26985192292639E-6 -2.02176763435863E-5 1.34378555128882E-4 3.24639580572401E-5 6.84023835322704E-5 -1.81937779953926E-4 -4.74051957729929E-5 5.88543250950129E-6 -1.49360107824913E-4 -1.42291177771543E-4 -2.27976273047867E-4 -1.08434967214046E-4 -3.50320404291437E-4 7.22705393391829E-6 -9.00359364681556E-6 4.0164204051384E-6 4.35078597701242E-4 2.2707306342913E-4 1.14219204705186E-4 1.05022451000881E-4 7.17434337743893E-5 1.06171250981341E-5 -9.78368076982939E-6 5.21027519075847E-5 1.29632092185941E-5 6.20644587257299E-5 9.16416902187212E-5 1.41258678395591E-4 -1.48014135459577E-5 -2.37919139886674E-4 -5.19519979249299E-5 -1.58560741966656E-4 -1.93843926900468E-4 -1.25953356025469E-4 -6.70625509249232E-5 -1.77522712150643E-4 -2.7822676774611E-4 -7.01893223554517E-5 -1.11702225942655E-4 2.10079421141205E-5 2.2707306342913E-4 4.90814620309422E-4 1.8732863425559E-4 1.2890222869276E-4 8.71359880088256E-5 4.63522929004315E-5 3.0968349650289E-6 2.3042809500466E-5 -1.01354967671272E-6 5.24502055906041E-5 1.16181434434293E-4 1.7437093825382E-4 9.05271894933325E-5 -1.17930562341888E-4 3.15131279378831E-5 -1.34736489754219E-4 -1.45316830569751E-4 -5.82811754939169E-5 -1.35593240199542E-4 -9.3004584962336E-5 -3.31829680370403E-4 -1.35131509237457E-4 -1.83746451629912E-4 -3.00968603605473E-5 1.14219204705186E-4 1.8732863425559E-4 3.16068362354711E-4 1.24393912196512E-4 6.03534804716055E-5 2.28111173946507E-5 -4.5609402011038E-6 -4.70155572166821E-6 -8.93406152324276E-6 3.0809747317214E-5 1.06177787198971E-4 2.50006711461029E-5 1.93465694796826E-5 -7.01703221901054E-5 -3.67485490749825E-6 -2.70078141730307E-5 -9.12902133584518E-5 -1.03511246163821E-4 -4.97319024805942E-5 -1.17188031032489E-4 -2.08926280903112E-4 -4.97964684864585E-5 -8.89263291741432E-5 4.9756088162293E-5 1.05022451000881E-4 1.2890222869276E-4 1.24393912196512E-4 1.55845967255047E-4</un:values>
				  </un:covarianceMatrix>
				</un:MultivariateNormalDistribution>
			  </om:result>
			</om:OM_UncertaintyObservation>

		</OM_UncertaintyObservationCollection>
			
	</wps:Data>
</uw:UncertainInput>
	
	