<?xml version="1.0" encoding="UTF-8" standalone="yes"?>
<wps:Execute service="WPS" version="1.0.0" xmlns:wps="http://www.opengis.net/wps/1.0.0" xmlns:ows="http://www.opengis.net/ows/1.1" xmlns:xlink="http://www.w3.org/1999/xlink" xmlns:xsi="http://www.w3.org/2001/XMLSchema-instance" xsi:schemaLocation="http://www.opengis.net/wps/1.0.0
  http://geoserver.itc.nl:8080/wps/schemas/wps/1.0.0/wpsExecute_request.xsd">
  
	<ows:Identifier>org.uncertweb.wps.MultivariateGaussian2Samples</ows:Identifier>
		
	<wps:DataInputs>
		<wps:Input>
			<ows:Identifier>distribution</ows:Identifier>
			<wps:Data>
				<wps:ComplexData mimeType="application/x-om-u+xml" schema="http://schemas.opengis.net/om/2.0/observation.xsd">				
					<OM_UncertaintyObservationCollection  xmlns:un="http://www.uncertml.org/2.0" xmlns="http://www.opengis.net/om/2.0" xmlns:om="http://www.opengis.net/om/2.0" xmlns:gml="http://www.opengis.net/gml/3.2" xmlns:sa="http://www.opengis.net/sampling/2.0" xmlns:sams="http://www.opengis.net/samplingSpatial/2.0" xmlns:xlink="http://www.w3.org/1999/xlink" xmlns:gmd="http://www.isotc211.org/2005/gmd" xmlns:xsi="http://www.w3.org/2001/XMLSchema-instance" xsi:schemaLocation="http://www.opengis.net/om/2.0 http://v-mars.uni-muenster.de/uncertweb/schema/Profiles/OM/UncertWeb_OM.xsd">
						<om:OM_UncertaintyObservation gml:id="o_0" xmlns:om="http://www.opengis.net/om/2.0"     >
						  <om:phenomenonTime>
							<gml:TimeInstant gml:id="t0">
							  <gml:timePosition>2010-03-01T00:00:00.000+01:00</gml:timePosition>
							</gml:TimeInstant>
						  </om:phenomenonTime>
						  <om:resultTime xlink:href="#t0"/>
						  <om:procedure xlink:href="http://www.uncertweb.org/sensors/ID"/>
						  <om:observedProperty xlink:href="http://www.uncertweb.org/phenomenon/pm10emissions"/>
						  <om:featureOfInterest>
							<sams:SF_SpatialSamplingFeature gml:id="sf0">
							  <gml:identifier codeSpace="http://www.uncertweb.org">large.0</gml:identifier>
							  <sa:type xlink:href="http://www.opengis.net/def/samplingFeatureType/OGC-OM/2.0/SF_SamplingCurve"/>
							  <sa:sampledFeature xsi:nil="true"/>
							  <sams:shape>
								<gml:MultiLineString gml:id="g0">
								  <gml:lineStringMember>
									<gml:LineString gml:id="g1">
									  <gml:pos>3410845.0999999996 5761613.699999999</gml:pos>
									  <gml:pos>3410873.5537 5761616.2513999995</gml:pos>
									  <gml:pos>3410962.2 5761624.199999999</gml:pos>
									</gml:LineString>
								  </gml:lineStringMember>
								</gml:MultiLineString>
							  </sams:shape>
							</sams:SF_SpatialSamplingFeature>
						  </om:featureOfInterest>
						  <om:result uom="g[PM10]/s">
							<un:MultivariateNormalDistribution>
							  <un:mean>2.5E-5 1.7E-5 1.4E-5 1.8E-5 2.8E-5 6.9E-5 1.54E-4 2.76E-4 2.52E-4 2.19E-4 2.14E-4 2.23E-4 2.43E-4 2.5E-4 2.55E-4 2.74E-4 2.91E-4 2.72E-4 2.33E-4 1.75E-4 1.31E-4 9.2E-5 7.0E-5 4.7E-5</un:mean>
							  <un:covarianceMatrix dimension="24">
								<un:values>2.9E-10 1.4E-10 8.6E-11 1.3E-10 1.2E-10 2.3E-10 4.7E-10 7.1E-10 8.4E-10 7.4E-10 6.9E-10 6.1E-10 7.3E-10 7.3E-10 6.5E-10 7.5E-10 6.7E-10 7.1E-10 6.1E-10 6.3E-10 6.0E-10 5.0E-10 3.8E-10 2.8E-10 1.4E-10 1.2E-10 6.3E-11 9.3E-11 9.2E-11 1.4E-10 2.6E-10 4.7E-10 5.0E-10 4.4E-10 4.5E-10 4.2E-10 4.9E-10 4.9E-10 4.9E-10 5.1E-10 4.6E-10 4.8E-10 4.5E-10 4.0E-10 3.4E-10 3.0E-10 2.2E-10 1.8E-10 8.6E-11 6.3E-11 8.7E-11 8.2E-11 9.7E-11 1.7E-10 2.5E-10 4.6E-10 4.0E-10 3.5E-10 2.9E-10 3.5E-10 4.0E-10 4.0E-10 3.6E-10 3.9E-10 4.4E-10 4.0E-10 3.7E-10 2.8E-10 2.7E-10 1.9E-10 1.5E-10 9.8E-11 1.3E-10 9.3E-11 8.2E-11 1.6E-10 1.7E-10 2.7E-10 3.9E-10 5.8E-10 5.6E-10 5.2E-10 4.6E-10 4.8E-10 5.3E-10 4.9E-10 5.1E-10 5.7E-10 5.8E-10 5.6E-10 4.9E-10 3.5E-10 2.6E-10 2.7E-10 1.9E-10 1.1E-10 1.2E-10 9.2E-11 9.7E-11 1.7E-10 3.9E-10 6.1E-10 8.6E-10 1.0E-9 8.3E-10 9.6E-10 8.4E-10 9.4E-10 9.6E-10 8.9E-10 8.9E-10 9.9E-10 9.5E-10 6.4E-10 5.0E-10 3.1E-10 2.6E-10 2.6E-10 1.4E-10 1.0E-10 2.3E-10 1.4E-10 1.7E-10 2.7E-10 6.1E-10 1.6E-9 2.3E-9 2.6E-9 2.1E-9 2.1E-9 1.7E-9 2.1E-9 2.0E-9 2.0E-9 2.3E-9 2.2E-9 2.4E-9 1.9E-9 1.3E-9 9.1E-10 8.5E-10 6.8E-10 3.0E-10 2.0E-10 4.7E-10 2.6E-10 2.5E-10 3.9E-10 8.6E-10 2.3E-9 5.3E-9 6.6E-9 5.9E-9 4.8E-9 3.9E-9 4.0E-9 4.0E-9 3.9E-9 4.5E-9 4.9E-9 5.3E-9 4.5E-9 3.4E-9 2.5E-9 1.8E-9 1.5E-9 9.3E-10 5.0E-10 7.1E-10 4.7E-10 4.6E-10 5.8E-10 1.0E-9 2.6E-9 6.6E-9 1.5E-8 1.1E-8 7.6E-9 5.9E-9 6.1E-9 6.4E-9 6.9E-9 7.7E-9 8.6E-9 1.0E-8 9.0E-9 6.8E-9 4.1E-9 3.3E-9 2.4E-9 1.9E-9 8.6E-10 8.4E-10 5.0E-10 4.0E-10 5.6E-10 8.3E-10 2.1E-9 5.9E-9 1.1E-8 1.1E-8 7.4E-9 6.5E-9 6.6E-9 6.3E-9 5.9E-9 6.7E-9 8.2E-9 8.4E-9 7.7E-9 6.4E-9 4.3E-9 3.2E-9 2.4E-9 1.9E-9 9.2E-10 7.4E-10 4.4E-10 3.5E-10 5.2E-10 9.6E-10 2.1E-9 4.8E-9 7.6E-9 7.4E-9 8.1E-9 6.9E-9 6.7E-9 6.6E-9 6.1E-9 6.3E-9 7.4E-9 7.2E-9 6.0E-9 5.1E-9 4.1E-9 3.0E-9 2.1E-9 1.6E-9 1.0E-9 6.9E-10 4.5E-10 2.9E-10 4.6E-10 8.4E-10 1.7E-9 3.9E-9 5.9E-9 6.5E-9 6.9E-9 8.5E-9 7.1E-9 6.9E-9 6.3E-9 6.7E-9 7.6E-9 6.8E-9 6.5E-9 5.3E-9 4.1E-9 2.7E-9 2.1E-9 1.5E-9 1.1E-9 6.1E-10 4.2E-10 3.5E-10 4.8E-10 9.4E-10 2.1E-9 4.0E-9 6.1E-9 6.6E-9 6.7E-9 7.1E-9 8.7E-9 7.7E-9 6.8E-9 6.9E-9 8.1E-9 7.8E-9 6.5E-9 5.3E-9 3.7E-9 2.8E-9 2.1E-9 1.5E-9 1.1E-9 7.3E-10 4.9E-10 4.0E-10 5.3E-10 9.6E-10 2.0E-9 4.0E-9 6.4E-9 6.3E-9 6.6E-9 6.9E-9 7.7E-9 9.8E-9 9.3E-9 8.5E-9 8.4E-9 8.1E-9 7.0E-9 6.1E-9 4.6E-9 3.6E-9 2.6E-9 1.7E-9 1.4E-9 7.3E-10 4.9E-10 4.0E-10 4.9E-10 8.9E-10 2.0E-9 3.9E-9 6.9E-9 5.9E-9 6.1E-9 6.3E-9 6.8E-9 9.3E-9 1.1E-8 9.6E-9 8.4E-9 8.4E-9 7.2E-9 6.5E-9 5.1E-9 3.9E-9 2.6E-9 1.8E-9 1.6E-9 6.5E-10 4.9E-10 3.6E-10 5.1E-10 8.9E-10 2.3E-9 4.5E-9 7.7E-9 6.7E-9 6.3E-9 6.7E-9 6.9E-9 8.5E-9 9.6E-9 1.0E-8 8.6E-9 8.5E-9 7.8E-9 6.6E-9 5.2E-9 3.6E-9 2.6E-9 1.7E-9 1.4E-9 7.5E-10 5.1E-10 3.9E-10 5.7E-10 9.9E-10 2.2E-9 4.9E-9 8.6E-9 8.2E-9 7.4E-9 7.6E-9 8.1E-9 8.4E-9 8.4E-9 8.6E-9 1.1E-8 1.1E-8 9.5E-9 7.9E-9 5.3E-9 3.5E-9 2.6E-9 2.0E-9 1.4E-9 6.7E-10 4.6E-10 4.4E-10 5.8E-10 9.5E-10 2.4E-9 5.3E-9 1.0E-8 8.4E-9 7.2E-9 6.8E-9 7.8E-9 8.1E-9 8.4E-9 8.5E-9 1.1E-8 1.3E-8 1.2E-8 9.0E-9 6.0E-9 4.2E-9 2.9E-9 2.2E-9 1.4E-9 7.1E-10 4.8E-10 4.0E-10 5.6E-10 6.4E-10 1.9E-9 4.5E-9 9.0E-9 7.7E-9 6.0E-9 6.5E-9 6.5E-9 7.0E-9 7.2E-9 7.8E-9 9.5E-9 1.2E-8 1.3E-8 9.6E-9 6.5E-9 4.5E-9 3.2E-9 2.6E-9 1.6E-9 6.1E-10 4.5E-10 3.7E-10 4.9E-10 5.0E-10 1.3E-9 3.4E-9 6.8E-9 6.4E-9 5.1E-9 5.3E-9 5.3E-9 6.1E-9 6.5E-9 6.6E-9 7.9E-9 9.0E-9 9.6E-9 9.5E-9 6.6E-9 4.5E-9 3.3E-9 2.7E-9 1.7E-9 6.3E-10 4.0E-10 2.8E-10 3.5E-10 3.1E-10 9.1E-10 2.5E-9 4.1E-9 4.3E-9 4.1E-9 4.1E-9 3.7E-9 4.6E-9 5.1E-9 5.2E-9 5.3E-9 6.0E-9 6.5E-9 6.6E-9 6.8E-9 4.3E-9 2.9E-9 2.4E-9 1.6E-9 6.0E-10 3.4E-10 2.7E-10 2.6E-10 2.6E-10 8.5E-10 1.8E-9 3.3E-9 3.2E-9 3.0E-9 2.7E-9 2.8E-9 3.6E-9 3.9E-9 3.6E-9 3.5E-9 4.2E-9 4.5E-9 4.5E-9 4.3E-9 4.3E-9 2.6E-9 2.0E-9 1.4E-9 5.0E-10 3.0E-10 1.9E-10 2.7E-10 2.6E-10 6.8E-10 1.5E-9 2.4E-9 2.4E-9 2.1E-9 2.1E-9 2.1E-9 2.6E-9 2.6E-9 2.6E-9 2.6E-9 2.9E-9 3.2E-9 3.3E-9 2.9E-9 2.6E-9 2.4E-9 1.4E-9 9.8E-10 3.8E-10 2.2E-10 1.5E-10 1.9E-10 1.4E-10 3.0E-10 9.3E-10 1.9E-9 1.9E-9 1.6E-9 1.5E-9 1.5E-9 1.7E-9 1.8E-9 1.7E-9 2.0E-9 2.2E-9 2.6E-9 2.7E-9 2.4E-9 2.0E-9 1.4E-9 1.7E-9 9.5E-10 2.8E-10 1.8E-10 9.8E-11 1.1E-10 1.0E-10 2.0E-10 5.0E-10 8.6E-10 9.2E-10 1.0E-9 1.1E-9 1.1E-9 1.4E-9 1.6E-9 1.4E-9 1.4E-9 1.4E-9 1.6E-9 1.7E-9 1.6E-9 1.4E-9 9.8E-10 9.5E-10 9.4E-10</un:values>
							  </un:covarianceMatrix>
							</un:MultivariateNormalDistribution>
						  </om:result>
						</om:OM_UncertaintyObservation><om:OM_UncertaintyObservation gml:id="o_1" xmlns:om="http://www.opengis.net/om/2.0"  >
						  <om:phenomenonTime>
							<gml:TimeInstant gml:id="t1">
							  <gml:timePosition>2010-03-02T00:00:00.000+01:00</gml:timePosition>
							</gml:TimeInstant>
						  </om:phenomenonTime>
						  <om:resultTime xlink:href="#t1"/>
						  <om:procedure xlink:href="http://www.uncertweb.org/sensors/ID"/>
						  <om:observedProperty xlink:href="http://www.uncertweb.org/phenomenon/pm10emissions"/>
						  <om:featureOfInterest xlink:href="#sf0"/>
						  <om:result uom="g[PM10]/s">
							<un:MultivariateNormalDistribution>
							  <un:mean>2.5E-5 1.7E-5 1.4E-5 1.8E-5 2.8E-5 6.9E-5 1.54E-4 2.76E-4 2.52E-4 2.19E-4 2.14E-4 2.23E-4 2.43E-4 2.5E-4 2.55E-4 2.74E-4 2.91E-4 2.72E-4 2.33E-4 1.75E-4 1.31E-4 9.2E-5 7.0E-5 4.7E-5</un:mean>
							  <un:covarianceMatrix dimension="24">
								<un:values>2.9E-10 1.4E-10 8.6E-11 1.3E-10 1.2E-10 2.3E-10 4.7E-10 7.1E-10 8.4E-10 7.4E-10 6.9E-10 6.1E-10 7.3E-10 7.3E-10 6.5E-10 7.5E-10 6.7E-10 7.1E-10 6.1E-10 6.3E-10 6.0E-10 5.0E-10 3.8E-10 2.8E-10 1.4E-10 1.2E-10 6.3E-11 9.3E-11 9.2E-11 1.4E-10 2.6E-10 4.7E-10 5.0E-10 4.4E-10 4.5E-10 4.2E-10 4.9E-10 4.9E-10 4.9E-10 5.1E-10 4.6E-10 4.8E-10 4.5E-10 4.0E-10 3.4E-10 3.0E-10 2.2E-10 1.8E-10 8.6E-11 6.3E-11 8.7E-11 8.2E-11 9.7E-11 1.7E-10 2.5E-10 4.6E-10 4.0E-10 3.5E-10 2.9E-10 3.5E-10 4.0E-10 4.0E-10 3.6E-10 3.9E-10 4.4E-10 4.0E-10 3.7E-10 2.8E-10 2.7E-10 1.9E-10 1.5E-10 9.8E-11 1.3E-10 9.3E-11 8.2E-11 1.6E-10 1.7E-10 2.7E-10 3.9E-10 5.8E-10 5.6E-10 5.2E-10 4.6E-10 4.8E-10 5.3E-10 4.9E-10 5.1E-10 5.7E-10 5.8E-10 5.6E-10 4.9E-10 3.5E-10 2.6E-10 2.7E-10 1.9E-10 1.1E-10 1.2E-10 9.2E-11 9.7E-11 1.7E-10 3.9E-10 6.1E-10 8.6E-10 1.0E-9 8.3E-10 9.6E-10 8.4E-10 9.4E-10 9.6E-10 8.9E-10 8.9E-10 9.9E-10 9.5E-10 6.4E-10 5.0E-10 3.1E-10 2.6E-10 2.6E-10 1.4E-10 1.0E-10 2.3E-10 1.4E-10 1.7E-10 2.7E-10 6.1E-10 1.6E-9 2.3E-9 2.6E-9 2.1E-9 2.1E-9 1.7E-9 2.1E-9 2.0E-9 2.0E-9 2.3E-9 2.2E-9 2.4E-9 1.9E-9 1.3E-9 9.1E-10 8.5E-10 6.8E-10 3.0E-10 2.0E-10 4.7E-10 2.6E-10 2.5E-10 3.9E-10 8.6E-10 2.3E-9 5.3E-9 6.6E-9 5.9E-9 4.8E-9 3.9E-9 4.0E-9 4.0E-9 3.9E-9 4.5E-9 4.9E-9 5.3E-9 4.5E-9 3.4E-9 2.5E-9 1.8E-9 1.5E-9 9.3E-10 5.0E-10 7.1E-10 4.7E-10 4.6E-10 5.8E-10 1.0E-9 2.6E-9 6.6E-9 1.5E-8 1.1E-8 7.6E-9 5.9E-9 6.1E-9 6.4E-9 6.9E-9 7.7E-9 8.6E-9 1.0E-8 9.0E-9 6.8E-9 4.1E-9 3.3E-9 2.4E-9 1.9E-9 8.6E-10 8.4E-10 5.0E-10 4.0E-10 5.6E-10 8.3E-10 2.1E-9 5.9E-9 1.1E-8 1.1E-8 7.4E-9 6.5E-9 6.6E-9 6.3E-9 5.9E-9 6.7E-9 8.2E-9 8.4E-9 7.7E-9 6.4E-9 4.3E-9 3.2E-9 2.4E-9 1.9E-9 9.2E-10 7.4E-10 4.4E-10 3.5E-10 5.2E-10 9.6E-10 2.1E-9 4.8E-9 7.6E-9 7.4E-9 8.1E-9 6.9E-9 6.7E-9 6.6E-9 6.1E-9 6.3E-9 7.4E-9 7.2E-9 6.0E-9 5.1E-9 4.1E-9 3.0E-9 2.1E-9 1.6E-9 1.0E-9 6.9E-10 4.5E-10 2.9E-10 4.6E-10 8.4E-10 1.7E-9 3.9E-9 5.9E-9 6.5E-9 6.9E-9 8.5E-9 7.1E-9 6.9E-9 6.3E-9 6.7E-9 7.6E-9 6.8E-9 6.5E-9 5.3E-9 4.1E-9 2.7E-9 2.1E-9 1.5E-9 1.1E-9 6.1E-10 4.2E-10 3.5E-10 4.8E-10 9.4E-10 2.1E-9 4.0E-9 6.1E-9 6.6E-9 6.7E-9 7.1E-9 8.7E-9 7.7E-9 6.8E-9 6.9E-9 8.1E-9 7.8E-9 6.5E-9 5.3E-9 3.7E-9 2.8E-9 2.1E-9 1.5E-9 1.1E-9 7.3E-10 4.9E-10 4.0E-10 5.3E-10 9.6E-10 2.0E-9 4.0E-9 6.4E-9 6.3E-9 6.6E-9 6.9E-9 7.7E-9 9.8E-9 9.3E-9 8.5E-9 8.4E-9 8.1E-9 7.0E-9 6.1E-9 4.6E-9 3.6E-9 2.6E-9 1.7E-9 1.4E-9 7.3E-10 4.9E-10 4.0E-10 4.9E-10 8.9E-10 2.0E-9 3.9E-9 6.9E-9 5.9E-9 6.1E-9 6.3E-9 6.8E-9 9.3E-9 1.1E-8 9.6E-9 8.4E-9 8.4E-9 7.2E-9 6.5E-9 5.1E-9 3.9E-9 2.6E-9 1.8E-9 1.6E-9 6.5E-10 4.9E-10 3.6E-10 5.1E-10 8.9E-10 2.3E-9 4.5E-9 7.7E-9 6.7E-9 6.3E-9 6.7E-9 6.9E-9 8.5E-9 9.6E-9 1.0E-8 8.6E-9 8.5E-9 7.8E-9 6.6E-9 5.2E-9 3.6E-9 2.6E-9 1.7E-9 1.4E-9 7.5E-10 5.1E-10 3.9E-10 5.7E-10 9.9E-10 2.2E-9 4.9E-9 8.6E-9 8.2E-9 7.4E-9 7.6E-9 8.1E-9 8.4E-9 8.4E-9 8.6E-9 1.1E-8 1.1E-8 9.5E-9 7.9E-9 5.3E-9 3.5E-9 2.6E-9 2.0E-9 1.4E-9 6.7E-10 4.6E-10 4.4E-10 5.8E-10 9.5E-10 2.4E-9 5.3E-9 1.0E-8 8.4E-9 7.2E-9 6.8E-9 7.8E-9 8.1E-9 8.4E-9 8.5E-9 1.1E-8 1.3E-8 1.2E-8 9.0E-9 6.0E-9 4.2E-9 2.9E-9 2.2E-9 1.4E-9 7.1E-10 4.8E-10 4.0E-10 5.6E-10 6.4E-10 1.9E-9 4.5E-9 9.0E-9 7.7E-9 6.0E-9 6.5E-9 6.5E-9 7.0E-9 7.2E-9 7.8E-9 9.5E-9 1.2E-8 1.3E-8 9.6E-9 6.5E-9 4.5E-9 3.2E-9 2.6E-9 1.6E-9 6.1E-10 4.5E-10 3.7E-10 4.9E-10 5.0E-10 1.3E-9 3.4E-9 6.8E-9 6.4E-9 5.1E-9 5.3E-9 5.3E-9 6.1E-9 6.5E-9 6.6E-9 7.9E-9 9.0E-9 9.6E-9 9.5E-9 6.6E-9 4.5E-9 3.3E-9 2.7E-9 1.7E-9 6.3E-10 4.0E-10 2.8E-10 3.5E-10 3.1E-10 9.1E-10 2.5E-9 4.1E-9 4.3E-9 4.1E-9 4.1E-9 3.7E-9 4.6E-9 5.1E-9 5.2E-9 5.3E-9 6.0E-9 6.5E-9 6.6E-9 6.8E-9 4.3E-9 2.9E-9 2.4E-9 1.6E-9 6.0E-10 3.4E-10 2.7E-10 2.6E-10 2.6E-10 8.5E-10 1.8E-9 3.3E-9 3.2E-9 3.0E-9 2.7E-9 2.8E-9 3.6E-9 3.9E-9 3.6E-9 3.5E-9 4.2E-9 4.5E-9 4.5E-9 4.3E-9 4.3E-9 2.6E-9 2.0E-9 1.4E-9 5.0E-10 3.0E-10 1.9E-10 2.7E-10 2.6E-10 6.8E-10 1.5E-9 2.4E-9 2.4E-9 2.1E-9 2.1E-9 2.1E-9 2.6E-9 2.6E-9 2.6E-9 2.6E-9 2.9E-9 3.2E-9 3.3E-9 2.9E-9 2.6E-9 2.4E-9 1.4E-9 9.8E-10 3.8E-10 2.2E-10 1.5E-10 1.9E-10 1.4E-10 3.0E-10 9.3E-10 1.9E-9 1.9E-9 1.6E-9 1.5E-9 1.5E-9 1.7E-9 1.8E-9 1.7E-9 2.0E-9 2.2E-9 2.6E-9 2.7E-9 2.4E-9 2.0E-9 1.4E-9 1.7E-9 9.5E-10 2.8E-10 1.8E-10 9.8E-11 1.1E-10 1.0E-10 2.0E-10 5.0E-10 8.6E-10 9.2E-10 1.0E-9 1.1E-9 1.1E-9 1.4E-9 1.6E-9 1.4E-9 1.4E-9 1.4E-9 1.6E-9 1.7E-9 1.6E-9 1.4E-9 9.8E-10 9.5E-10 9.4E-10</un:values>
							  </un:covarianceMatrix>
							</un:MultivariateNormalDistribution>
						  </om:result>
						</om:OM_UncertaintyObservation><om:OM_UncertaintyObservation gml:id="o_2" xmlns:om="http://www.opengis.net/om/2.0"  >
						  <om:phenomenonTime>
							<gml:TimeInstant gml:id="t2">
							  <gml:timePosition>2010-03-03T00:00:00.000+01:00</gml:timePosition>
							</gml:TimeInstant>
						  </om:phenomenonTime>
						  <om:resultTime xlink:href="#t2"/>
						  <om:procedure xlink:href="http://www.uncertweb.org/sensors/ID"/>
						  <om:observedProperty xlink:href="http://www.uncertweb.org/phenomenon/pm10emissions"/>
						  <om:featureOfInterest xlink:href="#sf0"/>
						  <om:result uom="g[PM10]/s">
							<un:MultivariateNormalDistribution>
							  <un:mean>2.5E-5 1.7E-5 1.4E-5 1.8E-5 2.8E-5 6.9E-5 1.54E-4 2.76E-4 2.52E-4 2.19E-4 2.14E-4 2.23E-4 2.43E-4 2.5E-4 2.55E-4 2.74E-4 2.91E-4 2.72E-4 2.33E-4 1.75E-4 1.31E-4 9.2E-5 7.0E-5 4.7E-5</un:mean>
							  <un:covarianceMatrix dimension="24">
								<un:values>2.9E-10 1.4E-10 8.6E-11 1.3E-10 1.2E-10 2.3E-10 4.7E-10 7.1E-10 8.4E-10 7.4E-10 6.9E-10 6.1E-10 7.3E-10 7.3E-10 6.5E-10 7.5E-10 6.7E-10 7.1E-10 6.1E-10 6.3E-10 6.0E-10 5.0E-10 3.8E-10 2.8E-10 1.4E-10 1.2E-10 6.3E-11 9.3E-11 9.2E-11 1.4E-10 2.6E-10 4.7E-10 5.0E-10 4.4E-10 4.5E-10 4.2E-10 4.9E-10 4.9E-10 4.9E-10 5.1E-10 4.6E-10 4.8E-10 4.5E-10 4.0E-10 3.4E-10 3.0E-10 2.2E-10 1.8E-10 8.6E-11 6.3E-11 8.7E-11 8.2E-11 9.7E-11 1.7E-10 2.5E-10 4.6E-10 4.0E-10 3.5E-10 2.9E-10 3.5E-10 4.0E-10 4.0E-10 3.6E-10 3.9E-10 4.4E-10 4.0E-10 3.7E-10 2.8E-10 2.7E-10 1.9E-10 1.5E-10 9.8E-11 1.3E-10 9.3E-11 8.2E-11 1.6E-10 1.7E-10 2.7E-10 3.9E-10 5.8E-10 5.6E-10 5.2E-10 4.6E-10 4.8E-10 5.3E-10 4.9E-10 5.1E-10 5.7E-10 5.8E-10 5.6E-10 4.9E-10 3.5E-10 2.6E-10 2.7E-10 1.9E-10 1.1E-10 1.2E-10 9.2E-11 9.7E-11 1.7E-10 3.9E-10 6.1E-10 8.6E-10 1.0E-9 8.3E-10 9.6E-10 8.4E-10 9.4E-10 9.6E-10 8.9E-10 8.9E-10 9.9E-10 9.5E-10 6.4E-10 5.0E-10 3.1E-10 2.6E-10 2.6E-10 1.4E-10 1.0E-10 2.3E-10 1.4E-10 1.7E-10 2.7E-10 6.1E-10 1.6E-9 2.3E-9 2.6E-9 2.1E-9 2.1E-9 1.7E-9 2.1E-9 2.0E-9 2.0E-9 2.3E-9 2.2E-9 2.4E-9 1.9E-9 1.3E-9 9.1E-10 8.5E-10 6.8E-10 3.0E-10 2.0E-10 4.7E-10 2.6E-10 2.5E-10 3.9E-10 8.6E-10 2.3E-9 5.3E-9 6.6E-9 5.9E-9 4.8E-9 3.9E-9 4.0E-9 4.0E-9 3.9E-9 4.5E-9 4.9E-9 5.3E-9 4.5E-9 3.4E-9 2.5E-9 1.8E-9 1.5E-9 9.3E-10 5.0E-10 7.1E-10 4.7E-10 4.6E-10 5.8E-10 1.0E-9 2.6E-9 6.6E-9 1.5E-8 1.1E-8 7.6E-9 5.9E-9 6.1E-9 6.4E-9 6.9E-9 7.7E-9 8.6E-9 1.0E-8 9.0E-9 6.8E-9 4.1E-9 3.3E-9 2.4E-9 1.9E-9 8.6E-10 8.4E-10 5.0E-10 4.0E-10 5.6E-10 8.3E-10 2.1E-9 5.9E-9 1.1E-8 1.1E-8 7.4E-9 6.5E-9 6.6E-9 6.3E-9 5.9E-9 6.7E-9 8.2E-9 8.4E-9 7.7E-9 6.4E-9 4.3E-9 3.2E-9 2.4E-9 1.9E-9 9.2E-10 7.4E-10 4.4E-10 3.5E-10 5.2E-10 9.6E-10 2.1E-9 4.8E-9 7.6E-9 7.4E-9 8.1E-9 6.9E-9 6.7E-9 6.6E-9 6.1E-9 6.3E-9 7.4E-9 7.2E-9 6.0E-9 5.1E-9 4.1E-9 3.0E-9 2.1E-9 1.6E-9 1.0E-9 6.9E-10 4.5E-10 2.9E-10 4.6E-10 8.4E-10 1.7E-9 3.9E-9 5.9E-9 6.5E-9 6.9E-9 8.5E-9 7.1E-9 6.9E-9 6.3E-9 6.7E-9 7.6E-9 6.8E-9 6.5E-9 5.3E-9 4.1E-9 2.7E-9 2.1E-9 1.5E-9 1.1E-9 6.1E-10 4.2E-10 3.5E-10 4.8E-10 9.4E-10 2.1E-9 4.0E-9 6.1E-9 6.6E-9 6.7E-9 7.1E-9 8.7E-9 7.7E-9 6.8E-9 6.9E-9 8.1E-9 7.8E-9 6.5E-9 5.3E-9 3.7E-9 2.8E-9 2.1E-9 1.5E-9 1.1E-9 7.3E-10 4.9E-10 4.0E-10 5.3E-10 9.6E-10 2.0E-9 4.0E-9 6.4E-9 6.3E-9 6.6E-9 6.9E-9 7.7E-9 9.8E-9 9.3E-9 8.5E-9 8.4E-9 8.1E-9 7.0E-9 6.1E-9 4.6E-9 3.6E-9 2.6E-9 1.7E-9 1.4E-9 7.3E-10 4.9E-10 4.0E-10 4.9E-10 8.9E-10 2.0E-9 3.9E-9 6.9E-9 5.9E-9 6.1E-9 6.3E-9 6.8E-9 9.3E-9 1.1E-8 9.6E-9 8.4E-9 8.4E-9 7.2E-9 6.5E-9 5.1E-9 3.9E-9 2.6E-9 1.8E-9 1.6E-9 6.5E-10 4.9E-10 3.6E-10 5.1E-10 8.9E-10 2.3E-9 4.5E-9 7.7E-9 6.7E-9 6.3E-9 6.7E-9 6.9E-9 8.5E-9 9.6E-9 1.0E-8 8.6E-9 8.5E-9 7.8E-9 6.6E-9 5.2E-9 3.6E-9 2.6E-9 1.7E-9 1.4E-9 7.5E-10 5.1E-10 3.9E-10 5.7E-10 9.9E-10 2.2E-9 4.9E-9 8.6E-9 8.2E-9 7.4E-9 7.6E-9 8.1E-9 8.4E-9 8.4E-9 8.6E-9 1.1E-8 1.1E-8 9.5E-9 7.9E-9 5.3E-9 3.5E-9 2.6E-9 2.0E-9 1.4E-9 6.7E-10 4.6E-10 4.4E-10 5.8E-10 9.5E-10 2.4E-9 5.3E-9 1.0E-8 8.4E-9 7.2E-9 6.8E-9 7.8E-9 8.1E-9 8.4E-9 8.5E-9 1.1E-8 1.3E-8 1.2E-8 9.0E-9 6.0E-9 4.2E-9 2.9E-9 2.2E-9 1.4E-9 7.1E-10 4.8E-10 4.0E-10 5.6E-10 6.4E-10 1.9E-9 4.5E-9 9.0E-9 7.7E-9 6.0E-9 6.5E-9 6.5E-9 7.0E-9 7.2E-9 7.8E-9 9.5E-9 1.2E-8 1.3E-8 9.6E-9 6.5E-9 4.5E-9 3.2E-9 2.6E-9 1.6E-9 6.1E-10 4.5E-10 3.7E-10 4.9E-10 5.0E-10 1.3E-9 3.4E-9 6.8E-9 6.4E-9 5.1E-9 5.3E-9 5.3E-9 6.1E-9 6.5E-9 6.6E-9 7.9E-9 9.0E-9 9.6E-9 9.5E-9 6.6E-9 4.5E-9 3.3E-9 2.7E-9 1.7E-9 6.3E-10 4.0E-10 2.8E-10 3.5E-10 3.1E-10 9.1E-10 2.5E-9 4.1E-9 4.3E-9 4.1E-9 4.1E-9 3.7E-9 4.6E-9 5.1E-9 5.2E-9 5.3E-9 6.0E-9 6.5E-9 6.6E-9 6.8E-9 4.3E-9 2.9E-9 2.4E-9 1.6E-9 6.0E-10 3.4E-10 2.7E-10 2.6E-10 2.6E-10 8.5E-10 1.8E-9 3.3E-9 3.2E-9 3.0E-9 2.7E-9 2.8E-9 3.6E-9 3.9E-9 3.6E-9 3.5E-9 4.2E-9 4.5E-9 4.5E-9 4.3E-9 4.3E-9 2.6E-9 2.0E-9 1.4E-9 5.0E-10 3.0E-10 1.9E-10 2.7E-10 2.6E-10 6.8E-10 1.5E-9 2.4E-9 2.4E-9 2.1E-9 2.1E-9 2.1E-9 2.6E-9 2.6E-9 2.6E-9 2.6E-9 2.9E-9 3.2E-9 3.3E-9 2.9E-9 2.6E-9 2.4E-9 1.4E-9 9.8E-10 3.8E-10 2.2E-10 1.5E-10 1.9E-10 1.4E-10 3.0E-10 9.3E-10 1.9E-9 1.9E-9 1.6E-9 1.5E-9 1.5E-9 1.7E-9 1.8E-9 1.7E-9 2.0E-9 2.2E-9 2.6E-9 2.7E-9 2.4E-9 2.0E-9 1.4E-9 1.7E-9 9.5E-10 2.8E-10 1.8E-10 9.8E-11 1.1E-10 1.0E-10 2.0E-10 5.0E-10 8.6E-10 9.2E-10 1.0E-9 1.1E-9 1.1E-9 1.4E-9 1.6E-9 1.4E-9 1.4E-9 1.4E-9 1.6E-9 1.7E-9 1.6E-9 1.4E-9 9.8E-10 9.5E-10 9.4E-10</un:values>
							  </un:covarianceMatrix>
							</un:MultivariateNormalDistribution>
						  </om:result>
						</om:OM_UncertaintyObservation><om:OM_UncertaintyObservation gml:id="o_3" xmlns:om="http://www.opengis.net/om/2.0"  >
						  <om:phenomenonTime>
							<gml:TimeInstant gml:id="t3">
							  <gml:timePosition>2010-03-04T00:00:00.000+01:00</gml:timePosition>
							</gml:TimeInstant>
						  </om:phenomenonTime>
						  <om:resultTime xlink:href="#t3"/>
						  <om:procedure xlink:href="http://www.uncertweb.org/sensors/ID"/>
						  <om:observedProperty xlink:href="http://www.uncertweb.org/phenomenon/pm10emissions"/>
						  <om:featureOfInterest xlink:href="#sf0"/>
						  <om:result uom="g[PM10]/s">
							<un:MultivariateNormalDistribution>
							  <un:mean>2.5E-5 1.7E-5 1.4E-5 1.8E-5 2.8E-5 6.9E-5 1.54E-4 2.76E-4 2.52E-4 2.19E-4 2.14E-4 2.23E-4 2.43E-4 2.5E-4 2.55E-4 2.74E-4 2.91E-4 2.72E-4 2.33E-4 1.75E-4 1.31E-4 9.2E-5 7.0E-5 4.7E-5</un:mean>
							  <un:covarianceMatrix dimension="24">
								<un:values>2.9E-10 1.4E-10 8.6E-11 1.3E-10 1.2E-10 2.3E-10 4.7E-10 7.1E-10 8.4E-10 7.4E-10 6.9E-10 6.1E-10 7.3E-10 7.3E-10 6.5E-10 7.5E-10 6.7E-10 7.1E-10 6.1E-10 6.3E-10 6.0E-10 5.0E-10 3.8E-10 2.8E-10 1.4E-10 1.2E-10 6.3E-11 9.3E-11 9.2E-11 1.4E-10 2.6E-10 4.7E-10 5.0E-10 4.4E-10 4.5E-10 4.2E-10 4.9E-10 4.9E-10 4.9E-10 5.1E-10 4.6E-10 4.8E-10 4.5E-10 4.0E-10 3.4E-10 3.0E-10 2.2E-10 1.8E-10 8.6E-11 6.3E-11 8.7E-11 8.2E-11 9.7E-11 1.7E-10 2.5E-10 4.6E-10 4.0E-10 3.5E-10 2.9E-10 3.5E-10 4.0E-10 4.0E-10 3.6E-10 3.9E-10 4.4E-10 4.0E-10 3.7E-10 2.8E-10 2.7E-10 1.9E-10 1.5E-10 9.8E-11 1.3E-10 9.3E-11 8.2E-11 1.6E-10 1.7E-10 2.7E-10 3.9E-10 5.8E-10 5.6E-10 5.2E-10 4.6E-10 4.8E-10 5.3E-10 4.9E-10 5.1E-10 5.7E-10 5.8E-10 5.6E-10 4.9E-10 3.5E-10 2.6E-10 2.7E-10 1.9E-10 1.1E-10 1.2E-10 9.2E-11 9.7E-11 1.7E-10 3.9E-10 6.1E-10 8.6E-10 1.0E-9 8.3E-10 9.6E-10 8.4E-10 9.4E-10 9.6E-10 8.9E-10 8.9E-10 9.9E-10 9.5E-10 6.4E-10 5.0E-10 3.1E-10 2.6E-10 2.6E-10 1.4E-10 1.0E-10 2.3E-10 1.4E-10 1.7E-10 2.7E-10 6.1E-10 1.6E-9 2.3E-9 2.6E-9 2.1E-9 2.1E-9 1.7E-9 2.1E-9 2.0E-9 2.0E-9 2.3E-9 2.2E-9 2.4E-9 1.9E-9 1.3E-9 9.1E-10 8.5E-10 6.8E-10 3.0E-10 2.0E-10 4.7E-10 2.6E-10 2.5E-10 3.9E-10 8.6E-10 2.3E-9 5.3E-9 6.6E-9 5.9E-9 4.8E-9 3.9E-9 4.0E-9 4.0E-9 3.9E-9 4.5E-9 4.9E-9 5.3E-9 4.5E-9 3.4E-9 2.5E-9 1.8E-9 1.5E-9 9.3E-10 5.0E-10 7.1E-10 4.7E-10 4.6E-10 5.8E-10 1.0E-9 2.6E-9 6.6E-9 1.5E-8 1.1E-8 7.6E-9 5.9E-9 6.1E-9 6.4E-9 6.9E-9 7.7E-9 8.6E-9 1.0E-8 9.0E-9 6.8E-9 4.1E-9 3.3E-9 2.4E-9 1.9E-9 8.6E-10 8.4E-10 5.0E-10 4.0E-10 5.6E-10 8.3E-10 2.1E-9 5.9E-9 1.1E-8 1.1E-8 7.4E-9 6.5E-9 6.6E-9 6.3E-9 5.9E-9 6.7E-9 8.2E-9 8.4E-9 7.7E-9 6.4E-9 4.3E-9 3.2E-9 2.4E-9 1.9E-9 9.2E-10 7.4E-10 4.4E-10 3.5E-10 5.2E-10 9.6E-10 2.1E-9 4.8E-9 7.6E-9 7.4E-9 8.1E-9 6.9E-9 6.7E-9 6.6E-9 6.1E-9 6.3E-9 7.4E-9 7.2E-9 6.0E-9 5.1E-9 4.1E-9 3.0E-9 2.1E-9 1.6E-9 1.0E-9 6.9E-10 4.5E-10 2.9E-10 4.6E-10 8.4E-10 1.7E-9 3.9E-9 5.9E-9 6.5E-9 6.9E-9 8.5E-9 7.1E-9 6.9E-9 6.3E-9 6.7E-9 7.6E-9 6.8E-9 6.5E-9 5.3E-9 4.1E-9 2.7E-9 2.1E-9 1.5E-9 1.1E-9 6.1E-10 4.2E-10 3.5E-10 4.8E-10 9.4E-10 2.1E-9 4.0E-9 6.1E-9 6.6E-9 6.7E-9 7.1E-9 8.7E-9 7.7E-9 6.8E-9 6.9E-9 8.1E-9 7.8E-9 6.5E-9 5.3E-9 3.7E-9 2.8E-9 2.1E-9 1.5E-9 1.1E-9 7.3E-10 4.9E-10 4.0E-10 5.3E-10 9.6E-10 2.0E-9 4.0E-9 6.4E-9 6.3E-9 6.6E-9 6.9E-9 7.7E-9 9.8E-9 9.3E-9 8.5E-9 8.4E-9 8.1E-9 7.0E-9 6.1E-9 4.6E-9 3.6E-9 2.6E-9 1.7E-9 1.4E-9 7.3E-10 4.9E-10 4.0E-10 4.9E-10 8.9E-10 2.0E-9 3.9E-9 6.9E-9 5.9E-9 6.1E-9 6.3E-9 6.8E-9 9.3E-9 1.1E-8 9.6E-9 8.4E-9 8.4E-9 7.2E-9 6.5E-9 5.1E-9 3.9E-9 2.6E-9 1.8E-9 1.6E-9 6.5E-10 4.9E-10 3.6E-10 5.1E-10 8.9E-10 2.3E-9 4.5E-9 7.7E-9 6.7E-9 6.3E-9 6.7E-9 6.9E-9 8.5E-9 9.6E-9 1.0E-8 8.6E-9 8.5E-9 7.8E-9 6.6E-9 5.2E-9 3.6E-9 2.6E-9 1.7E-9 1.4E-9 7.5E-10 5.1E-10 3.9E-10 5.7E-10 9.9E-10 2.2E-9 4.9E-9 8.6E-9 8.2E-9 7.4E-9 7.6E-9 8.1E-9 8.4E-9 8.4E-9 8.6E-9 1.1E-8 1.1E-8 9.5E-9 7.9E-9 5.3E-9 3.5E-9 2.6E-9 2.0E-9 1.4E-9 6.7E-10 4.6E-10 4.4E-10 5.8E-10 9.5E-10 2.4E-9 5.3E-9 1.0E-8 8.4E-9 7.2E-9 6.8E-9 7.8E-9 8.1E-9 8.4E-9 8.5E-9 1.1E-8 1.3E-8 1.2E-8 9.0E-9 6.0E-9 4.2E-9 2.9E-9 2.2E-9 1.4E-9 7.1E-10 4.8E-10 4.0E-10 5.6E-10 6.4E-10 1.9E-9 4.5E-9 9.0E-9 7.7E-9 6.0E-9 6.5E-9 6.5E-9 7.0E-9 7.2E-9 7.8E-9 9.5E-9 1.2E-8 1.3E-8 9.6E-9 6.5E-9 4.5E-9 3.2E-9 2.6E-9 1.6E-9 6.1E-10 4.5E-10 3.7E-10 4.9E-10 5.0E-10 1.3E-9 3.4E-9 6.8E-9 6.4E-9 5.1E-9 5.3E-9 5.3E-9 6.1E-9 6.5E-9 6.6E-9 7.9E-9 9.0E-9 9.6E-9 9.5E-9 6.6E-9 4.5E-9 3.3E-9 2.7E-9 1.7E-9 6.3E-10 4.0E-10 2.8E-10 3.5E-10 3.1E-10 9.1E-10 2.5E-9 4.1E-9 4.3E-9 4.1E-9 4.1E-9 3.7E-9 4.6E-9 5.1E-9 5.2E-9 5.3E-9 6.0E-9 6.5E-9 6.6E-9 6.8E-9 4.3E-9 2.9E-9 2.4E-9 1.6E-9 6.0E-10 3.4E-10 2.7E-10 2.6E-10 2.6E-10 8.5E-10 1.8E-9 3.3E-9 3.2E-9 3.0E-9 2.7E-9 2.8E-9 3.6E-9 3.9E-9 3.6E-9 3.5E-9 4.2E-9 4.5E-9 4.5E-9 4.3E-9 4.3E-9 2.6E-9 2.0E-9 1.4E-9 5.0E-10 3.0E-10 1.9E-10 2.7E-10 2.6E-10 6.8E-10 1.5E-9 2.4E-9 2.4E-9 2.1E-9 2.1E-9 2.1E-9 2.6E-9 2.6E-9 2.6E-9 2.6E-9 2.9E-9 3.2E-9 3.3E-9 2.9E-9 2.6E-9 2.4E-9 1.4E-9 9.8E-10 3.8E-10 2.2E-10 1.5E-10 1.9E-10 1.4E-10 3.0E-10 9.3E-10 1.9E-9 1.9E-9 1.6E-9 1.5E-9 1.5E-9 1.7E-9 1.8E-9 1.7E-9 2.0E-9 2.2E-9 2.6E-9 2.7E-9 2.4E-9 2.0E-9 1.4E-9 1.7E-9 9.5E-10 2.8E-10 1.8E-10 9.8E-11 1.1E-10 1.0E-10 2.0E-10 5.0E-10 8.6E-10 9.2E-10 1.0E-9 1.1E-9 1.1E-9 1.4E-9 1.6E-9 1.4E-9 1.4E-9 1.4E-9 1.6E-9 1.7E-9 1.6E-9 1.4E-9 9.8E-10 9.5E-10 9.4E-10</un:values>
							  </un:covarianceMatrix>
							</un:MultivariateNormalDistribution>
						  </om:result>
						</om:OM_UncertaintyObservation>
						</OM_UncertaintyObservationCollection>   					
				</wps:ComplexData>
			</wps:Data>
		</wps:Input>
		
		 <wps:Input>
      		<ows:Identifier>numbReal</ows:Identifier>
      		<wps:Data dataType="xs:integer">
        		<wps:LiteralData>11</wps:LiteralData>
      		</wps:Data>
    	</wps:Input>
	</wps:DataInputs>
	
  <wps:ResponseForm>
  <wps:ResponseDocument>
      <wps:Output mimeType="application/x-om-u+xml" schema="http://schemas.opengis.net/om/2.0/observation.xsd">
        <ows:Identifier>samples</ows:Identifier>
      </wps:Output>
    </wps:ResponseDocument>
  </wps:ResponseForm>
  
</wps:Execute>